"","gene","Parameter1","Parameter2","rho","CI","CI_low","CI_high","S","p","Method","n_Obs"
"1","REACTOME_2_LTR_CIRCLE_FORMATION","logFC","time_index",-0.738095238095238,0.95,-0.951625002805919,-0.0438188176793302,146,0.0365527610528608,"Spearman",8
"2","REACTOME_A_TETRASACCHARIDE_LINKER_SEQUENCE_IS_REQUIRED_FOR_GAG_SYNTHESIS","logFC","time_index",0.761904761904762,0.95,0.0979893634330436,0.956508462065415,20,0.0280049391530718,"Spearman",8
"3","REACTOME_ABACAVIR_TRANSPORT_AND_METABOLISM","logFC","time_index",-0.928571428571429,0.95,-0.987888913611396,-0.632446585771284,162,0.000862968182899974,"Spearman",8
"4","REACTOME_ABC_FAMILY_PROTEINS_MEDIATED_TRANSPORT","logFC","time_index",-0.904761904761905,0.95,-0.983684612861427,-0.533790356386143,160,0.00200827550542945,"Spearman",8
"5","REACTOME_ABC_TRANSPORTER_DISORDERS","logFC","time_index",-0.904761904761905,0.95,-0.983684612861427,-0.533790356386143,160,0.00200827550542945,"Spearman",8
"6","REACTOME_ABC_TRANSPORTERS_IN_LIPID_HOMEOSTASIS","logFC","time_index",-0.404761904761905,0.95,-0.869680291013936,0.440704179922117,118,0.319888641228816,"Spearman",8
"7","REACTOME_ABERRANT_REGULATION_OF_MITOTIC_EXIT_IN_CANCER_DUE_TO_RB1_DEFECTS","logFC","time_index",-0.214285714285714,0.95,-0.807601688398822,0.594615624587475,102,0.610344415645267,"Spearman",8
"8","REACTOME_ABERRANT_REGULATION_OF_MITOTIC_G1_S_TRANSITION_IN_CANCER_DUE_TO_RB1_DEFECTS","logFC","time_index",0.238095238095238,0.95,-0.578151267742396,0.816154047863564,64,0.570156320815768,"Spearman",8
"9","REACTOME_ABORTIVE_ELONGATION_OF_HIV_1_TRANSCRIPT_IN_THE_ABSENCE_OF_TAT","logFC","time_index",-0.142857142857143,0.95,-0.780354412477385,0.640248142039189,96,0.735764859879812,"Spearman",8
"10","REACTOME_ACETYLCHOLINE_BINDING_AND_DOWNSTREAM_EVENTS","logFC","time_index",0.238095238095238,0.95,-0.578151267742396,0.816154047863564,64,0.570156320815768,"Spearman",8
"11","REACTOME_ACETYLCHOLINE_NEUROTRANSMITTER_RELEASE_CYCLE","logFC","time_index",-0.761904761904762,0.95,-0.956508462065415,-0.0979893634330436,148,0.0280049391530719,"Spearman",8
"12","REACTOME_ACETYLCHOLINE_REGULATES_INSULIN_SECRETION","logFC","time_index",0.571428571428572,0.95,-0.247542976361256,0.914127484841395,36,0.138959957160707,"Spearman",8
"13","REACTOME_ACTIVATED_NOTCH1_TRANSMITS_SIGNAL_TO_THE_NUCLEUS","logFC","time_index",-0.19047619047619,0.95,-0.798792262364635,0.610428419161659,100,0.651401495702482,"Spearman",8
"14","REACTOME_ACTIVATED_NTRK2_SIGNALS_THROUGH_CDK5","logFC","time_index",-0.904761904761905,0.95,-0.983684612861427,-0.533790356386143,160,0.00200827550542945,"Spearman",8
"15","REACTOME_ACTIVATED_NTRK2_SIGNALS_THROUGH_FRS2_AND_FRS3","logFC","time_index",0.571428571428572,0.95,-0.247542976361256,0.914127484841395,36,0.138959957160707,"Spearman",8
"16","REACTOME_ACTIVATED_NTRK2_SIGNALS_THROUGH_FYN","logFC","time_index",-0.0714285714285714,0.95,-0.750450511180687,0.680950797892829,90,0.866526270675909,"Spearman",8
"17","REACTOME_ACTIVATED_NTRK2_SIGNALS_THROUGH_PI3K","logFC","time_index",0.238095238095238,0.95,-0.578151267742396,0.816154047863564,64,0.570156320815768,"Spearman",8
"18","REACTOME_ACTIVATED_NTRK2_SIGNALS_THROUGH_RAS","logFC","time_index",0.523809523809524,0.95,-0.310284135497842,0.902216683622693,40,0.182720750539715,"Spearman",8
"19","REACTOME_ACTIVATED_NTRK3_SIGNALS_THROUGH_PI3K","logFC","time_index",0.666666666666667,0.95,-0.0974064026422894,0.936297449114819,28,0.0709876543209875,"Spearman",8
"20","REACTOME_ACTIVATED_NTRK3_SIGNALS_THROUGH_RAS","logFC","time_index",0.785714285714286,0.95,0.156402242304734,0.961285223464438,18,0.0208151272535253,"Spearman",8
"21","REACTOME_ACTIVATED_PKN1_STIMULATES_TRANSCRIPTION_OF_AR_ANDROGEN_RECEPTOR_REGULATED_GENES_KLK2_AND_KLK3","logFC","time_index",0.19047619047619,0.95,-0.610428419161659,0.798792262364635,68,0.651401495702482,"Spearman",8
"22","REACTOME_ACTIVATED_TAK1_MEDIATES_P38_MAPK_ACTIVATION","logFC","time_index",0.785714285714286,0.95,0.156402242304734,0.961285223464438,18,0.0208151272535253,"Spearman",8
"23","REACTOME_ACTIVATION_OF_AMPK_DOWNSTREAM_OF_NMDARS","logFC","time_index",-0.523809523809524,0.95,-0.902216683622693,0.310284135497842,128,0.182720750539715,"Spearman",8
"24","REACTOME_ACTIVATION_OF_ANTERIOR_HOX_GENES_IN_HINDBRAIN_DEVELOPMENT_DURING_EARLY_EMBRYOGENESIS","logFC","time_index",0.619047619047619,0.95,-0.177088868349271,0.925474715201005,32,0.101733037454265,"Spearman",8
"25","REACTOME_ACTIVATION_OF_ATR_IN_RESPONSE_TO_REPLICATION_STRESS","logFC","time_index",-0.428571428571429,0.95,-0.876527650057209,0.417193948725786,120,0.28940322484679,"Spearman",8
"26","REACTOME_ACTIVATION_OF_BAD_AND_TRANSLOCATION_TO_MITOCHONDRIA_","logFC","time_index",-0.452380952380952,0.95,-0.883198389869668,0.39249447291592,122,0.260404767436885,"Spearman",8
"27","REACTOME_ACTIVATION_OF_BH3_ONLY_PROTEINS","logFC","time_index",0.166666666666667,0.95,-0.625627578496279,0.78971400256287,70,0.693238811728395,"Spearman",8
"28","REACTOME_ACTIVATION_OF_CASPASES_THROUGH_APOPTOSOME_MEDIATED_CLEAVAGE","logFC","time_index",0.0952380952380952,0.95,-0.667880790009193,0.760737258941213,76,0.822505430203611,"Spearman",8
"29","REACTOME_ACTIVATION_OF_GENE_EXPRESSION_BY_SREBF_SREBP_","logFC","time_index",0.0238095238095238,0.95,-0.705727889635272,0.728840360218264,82,0.955374011815881,"Spearman",8
"30","REACTOME_ACTIVATION_OF_IRF3_IRF7_MEDIATED_BY_TBK1_IKK_EPSILON","logFC","time_index",-0.119047619047619,0.95,-0.770700208881839,0.654322531330363,94,0.77888572605238,"Spearman",8
"31","REACTOME_ACTIVATION_OF_KAINATE_RECEPTORS_UPON_GLUTAMATE_BINDING","logFC","time_index",0.261904761904762,0.95,-0.560994230299003,0.824460431079162,62,0.530922861565801,"Spearman",8
"32","REACTOME_ACTIVATION_OF_MATRIX_METALLOPROTEINASES","logFC","time_index",0.714285714285714,0.95,-0.00655536028441005,0.946631230365405,24,0.0465282322841672,"Spearman",8
"33","REACTOME_ACTIVATION_OF_NIMA_KINASES_NEK9_NEK6_NEK7","logFC","time_index",-0.785714285714286,0.95,-0.961285223464438,-0.156402242304734,150,0.0208151272535253,"Spearman",8
"34","REACTOME_ACTIVATION_OF_NMDA_RECEPTORS_AND_POSTSYNAPTIC_EVENTS","logFC","time_index",0.428571428571429,0.95,-0.417193948725786,0.876527650057209,48,0.28940322484679,"Spearman",8
"35","REACTOME_ACTIVATION_OF_PPARGC1A_PGC_1ALPHA_BY_PHOSPHORYLATION","logFC","time_index",0.428571428571429,0.95,-0.417193948725786,0.876527650057209,48,0.28940322484679,"Spearman",8
"36","REACTOME_ACTIVATION_OF_PUMA_AND_TRANSLOCATION_TO_MITOCHONDRIA","logFC","time_index",0.833333333333333,0.95,0.288117791458932,0.970532340947576,14,0.0101755401234568,"Spearman",8
"37","REACTOME_ACTIVATION_OF_RAC1","logFC","time_index",-0.285714285714286,0.95,-0.832531299467683,0.54309985976455,108,0.492726245016957,"Spearman",8
"38","REACTOME_ACTIVATION_OF_RAC1_DOWNSTREAM_OF_NMDARS","logFC","time_index",-0.0238095238095238,0.95,-0.728840360218264,0.705727889635272,86,0.955374011815881,"Spearman",8
"39","REACTOME_ACTIVATION_OF_SMO","logFC","time_index",0.428571428571429,0.95,-0.417193948725786,0.876527650057209,48,0.28940322484679,"Spearman",8
"40","REACTOME_ACTIVATION_OF_THE_AP_1_FAMILY_OF_TRANSCRIPTION_FACTORS","logFC","time_index",0.880952380952381,0.95,0.444295219960863,0.979392299033486,9.99999999999999,0.0038503204637324,"Spearman",8
"41","REACTOME_ACTIVATION_OF_THE_MRNA_UPON_BINDING_OF_THE_CAP_BINDING_COMPLEX_AND_EIFS_AND_SUBSEQUENT_BINDING_TO_43S","logFC","time_index",0.404761904761905,0.95,-0.440704179922117,0.869680291013936,50,0.319888641228816,"Spearman",8
"42","REACTOME_ACTIVATION_OF_THE_PHOTOTRANSDUCTION_CASCADE","logFC","time_index",-0.142857142857143,0.95,-0.780354412477385,0.640248142039189,96,0.735764859879812,"Spearman",8
"43","REACTOME_ACTIVATION_OF_THE_PRE_REPLICATIVE_COMPLEX","logFC","time_index",-0.761904761904762,0.95,-0.956508462065415,-0.0979893634330436,148,0.0280049391530719,"Spearman",8
"44","REACTOME_ACTIVATION_OF_THE_TFAP2_AP_2_FAMILY_OF_TRANSCRIPTION_FACTORS","logFC","time_index",0.119047619047619,0.95,-0.654322531330363,0.770700208881839,74,0.77888572605238,"Spearman",8
"45","REACTOME_ACTIVATION_OF_TRKA_RECEPTORS","logFC","time_index",0,0.95,-0.717481538866778,0.717481538866778,84,1,"Spearman",8
"46","REACTOME_ACYL_CHAIN_REMODELING_OF_CL","logFC","time_index",-0.357142857142857,0.95,-0.855426894378632,0.484484688927055,114,0.385120643556256,"Spearman",8
"47","REACTOME_ACYL_CHAIN_REMODELLING_OF_PC","logFC","time_index",0.19047619047619,0.95,-0.610428419161659,0.798792262364635,68,0.651401495702482,"Spearman",8
"48","REACTOME_ACYL_CHAIN_REMODELLING_OF_PE","logFC","time_index",0.0714285714285714,0.95,-0.680950797892829,0.750450511180687,78,0.866526270675909,"Spearman",8
"49","REACTOME_ACYL_CHAIN_REMODELLING_OF_PG","logFC","time_index",0.261904761904762,0.95,-0.560994230299003,0.824460431079162,62,0.530922861565801,"Spearman",8
"50","REACTOME_ACYL_CHAIN_REMODELLING_OF_PI","logFC","time_index",0.547619047619048,0.95,-0.27979628705577,0.908245122495473,38,0.160025642538896,"Spearman",8
"51","REACTOME_ACYL_CHAIN_REMODELLING_OF_PS","logFC","time_index",0.452380952380952,0.95,-0.39249447291592,0.883198389869668,46,0.260404767436885,"Spearman",8
"52","REACTOME_ADAPTIVE_IMMUNE_SYSTEM","logFC","time_index",-0.547619047619048,0.95,-0.908245122495473,0.27979628705577,130,0.160025642538896,"Spearman",8
"53","REACTOME_ADENYLATE_CYCLASE_ACTIVATING_PATHWAY","logFC","time_index",0.642857142857143,0.95,-0.138510908918769,0.930949344815045,30,0.0855588910126731,"Spearman",8
"54","REACTOME_ADENYLATE_CYCLASE_INHIBITORY_PATHWAY","logFC","time_index",0.738095238095238,0.95,0.0438188176793302,0.951625002805919,22,0.0365527610528607,"Spearman",8
"55","REACTOME_ADHERENS_JUNCTIONS_INTERACTIONS","logFC","time_index",0.642857142857143,0.95,-0.138510908918769,0.930949344815045,30,0.0855588910126731,"Spearman",8
"56","REACTOME_ADORA2B_MEDIATED_ANTI_INFLAMMATORY_CYTOKINES_PRODUCTION","logFC","time_index",-0.19047619047619,0.95,-0.798792262364635,0.610428419161659,100,0.651401495702482,"Spearman",8
"57","REACTOME_ADP_SIGNALLING_THROUGH_P2Y_PURINOCEPTOR_1","logFC","time_index",0.214285714285714,0.95,-0.594615624587475,0.807601688398822,66,0.610344415645267,"Spearman",8
"58","REACTOME_ADP_SIGNALLING_THROUGH_P2Y_PURINOCEPTOR_12","logFC","time_index",0.357142857142857,0.95,-0.484484688927055,0.855426894378632,54,0.385120643556256,"Spearman",8
"59","REACTOME_ADRENALINE_NORADRENALINE_INHIBITS_INSULIN_SECRETION","logFC","time_index",0,0.95,-0.717481538866778,0.717481538866778,84,1,"Spearman",8
"60","REACTOME_ADRENOCEPTORS","logFC","time_index",0.119047619047619,0.95,-0.654322531330363,0.770700208881839,74,0.77888572605238,"Spearman",8
"61","REACTOME_ADVANCED_GLYCOSYLATION_ENDPRODUCT_RECEPTOR_SIGNALING","logFC","time_index",0.857142857142857,0.95,0.362741761851061,0.975009179187399,12,0.00653001725471527,"Spearman",8
"62","REACTOME_AFLATOXIN_ACTIVATION_AND_DETOXIFICATION","logFC","time_index",-0.595238095238095,0.95,-0.919869016525818,0.213366281883462,134,0.119529806138793,"Spearman",8
"63","REACTOME_AGGREPHAGY","logFC","time_index",0.523809523809524,0.95,-0.310284135497842,0.902216683622693,40,0.182720750539715,"Spearman",8
"64","REACTOME_AKT_PHOSPHORYLATES_TARGETS_IN_THE_CYTOSOL","logFC","time_index",0.380952380952381,0.95,-0.463109038011872,0.862649204190628,52,0.351812553117565,"Spearman",8
"65","REACTOME_AKT_PHOSPHORYLATES_TARGETS_IN_THE_NUCLEUS","logFC","time_index",0.380952380952381,0.95,-0.463109038011872,0.862649204190628,52,0.351812553117565,"Spearman",8
"66","REACTOME_ALPHA_DEFENSINS","logFC","time_index",-0.285714285714286,0.95,-0.832531299467683,0.54309985976455,108,0.492726245016957,"Spearman",8
"67","REACTOME_ALPHA_LINOLENIC_OMEGA3_AND_LINOLEIC_OMEGA6_ACID_METABOLISM","logFC","time_index",-0.428571428571429,0.95,-0.876527650057209,0.417193948725786,120,0.28940322484679,"Spearman",8
"68","REACTOME_ALPHA_OXIDATION_OF_PHYTANATE","logFC","time_index",-0.738095238095238,0.95,-0.951625002805919,-0.0438188176793302,146,0.0365527610528608,"Spearman",8
"69","REACTOME_ALPHA_PROTEIN_KINASE_1_SIGNALING_PATHWAY","logFC","time_index",0.738095238095238,0.95,0.0438188176793302,0.951625002805919,22,0.0365527610528607,"Spearman",8
"70","REACTOME_AMINE_LIGAND_BINDING_RECEPTORS","logFC","time_index",0,0.95,-0.717481538866778,0.717481538866778,84,1,"Spearman",8
"71","REACTOME_AMINO_ACID_TRANSPORT_ACROSS_THE_PLASMA_MEMBRANE","logFC","time_index",-0.0952380952380952,0.95,-0.760737258941213,0.667880790009193,92,0.822505430203611,"Spearman",8
"72","REACTOME_AMINO_ACIDS_REGULATE_MTORC1","logFC","time_index",-0.785714285714286,0.95,-0.961285223464438,-0.156402242304734,150,0.0208151272535253,"Spearman",8
"73","REACTOME_AMPK_INHIBITS_CHREBP_TRANSCRIPTIONAL_ACTIVATION_ACTIVITY","logFC","time_index",-0.833333333333333,0.95,-0.970532340947576,-0.288117791458932,154,0.0101755401234567,"Spearman",8
"74","REACTOME_AMYLOID_FIBER_FORMATION","logFC","time_index",-0.333333333333333,0.95,-0.848005453057694,0.504900458079174,112,0.419753086419753,"Spearman",8
"75","REACTOME_ANCHORING_FIBRIL_FORMATION","logFC","time_index",0.0476190476190476,0.95,-0.693558462335865,0.739823919612768,80,0.910849168519584,"Spearman",8
"76","REACTOME_ANCHORING_OF_THE_BASAL_BODY_TO_THE_PLASMA_MEMBRANE","logFC","time_index",0.119047619047619,0.95,-0.654322531330363,0.770700208881839,74,0.77888572605238,"Spearman",8
"77","REACTOME_ANDROGEN_BIOSYNTHESIS","logFC","time_index",-0.0714285714285714,0.95,-0.750450511180687,0.680950797892829,90,0.866526270675909,"Spearman",8
"78","REACTOME_ANTI_INFLAMMATORY_RESPONSE_FAVOURING_LEISHMANIA_PARASITE_INFECTION","logFC","time_index",0.238095238095238,0.95,-0.578151267742396,0.816154047863564,64,0.570156320815768,"Spearman",8
"79","REACTOME_ANTIGEN_ACTIVATES_B_CELL_RECEPTOR_BCR_LEADING_TO_GENERATION_OF_SECOND_MESSENGERS","logFC","time_index",-0.0714285714285714,0.95,-0.750450511180687,0.680950797892829,90,0.866526270675909,"Spearman",8
"80","REACTOME_ANTIGEN_PRESENTATION_FOLDING_ASSEMBLY_AND_PEPTIDE_LOADING_OF_CLASS_I_MHC","logFC","time_index",-0.476190476190476,0.95,-0.889699256957141,0.366513175675711,124,0.232935534650098,"Spearman",8
"81","REACTOME_ANTIGEN_PROCESSING_CROSS_PRESENTATION","logFC","time_index",-0.80952380952381,0.95,-0.965958746049703,-0.219576117261057,152,0.0149026676862301,"Spearman",8
"82","REACTOME_ANTIGEN_PROCESSING_UBIQUITINATION_PROTEASOME_DEGRADATION","logFC","time_index",-0.714285714285714,0.95,-0.946631230365405,0.00655536028441005,144,0.0465282322841671,"Spearman",8
"83","REACTOME_ANTIMICROBIAL_PEPTIDES","logFC","time_index",0.0238095238095238,0.95,-0.705727889635272,0.728840360218264,82,0.955374011815881,"Spearman",8
"84","REACTOME_ANTIVIRAL_MECHANISM_BY_IFN_STIMULATED_GENES","logFC","time_index",0.285714285714286,0.95,-0.54309985976455,0.832531299467683,60,0.492726245016957,"Spearman",8
"85","REACTOME_APC_C_CDC20_MEDIATED_DEGRADATION_OF_CYCLIN_B","logFC","time_index",-0.571428571428572,0.95,-0.914127484841395,0.247542976361256,132,0.138959957160706,"Spearman",8
"86","REACTOME_APC_C_CDH1_MEDIATED_DEGRADATION_OF_CDC20_AND_OTHER_APC_C_CDH1_TARGETED_PROTEINS_IN_LATE_MITOSIS_EARLY_G1","logFC","time_index",-0.880952380952381,0.95,-0.979392299033486,-0.444295219960863,158,0.00385032046373241,"Spearman",8
"87","REACTOME_APC_C_MEDIATED_DEGRADATION_OF_CELL_CYCLE_PROTEINS","logFC","time_index",-0.833333333333333,0.95,-0.970532340947576,-0.288117791458932,154,0.0101755401234567,"Spearman",8
"88","REACTOME_APC_CDC20_MEDIATED_DEGRADATION_OF_NEK2A","logFC","time_index",-0.428571428571429,0.95,-0.876527650057209,0.417193948725786,120,0.28940322484679,"Spearman",8
"89","REACTOME_APEX1_INDEPENDENT_RESOLUTION_OF_AP_SITES_VIA_THE_SINGLE_NUCLEOTIDE_REPLACEMENT_PATHWAY","logFC","time_index",0.380952380952381,0.95,-0.463109038011872,0.862649204190628,52,0.351812553117565,"Spearman",8
"90","REACTOME_APOPTOSIS_INDUCED_DNA_FRAGMENTATION","logFC","time_index",-0.642857142857143,0.95,-0.930949344815045,0.138510908918769,138,0.0855588910126729,"Spearman",8
"91","REACTOME_APOPTOTIC_CLEAVAGE_OF_CELL_ADHESION_PROTEINS","logFC","time_index",0.690476190476191,0.95,-0.0535187438915425,0.941523364223448,26,0.0579903181645727,"Spearman",8
"92","REACTOME_APOPTOTIC_CLEAVAGE_OF_CELLULAR_PROTEINS","logFC","time_index",0.880952380952381,0.95,0.444295219960863,0.979392299033486,9.99999999999999,0.0038503204637324,"Spearman",8
"93","REACTOME_APOPTOTIC_EXECUTION_PHASE","logFC","time_index",0.880952380952381,0.95,0.444295219960863,0.979392299033486,9.99999999999999,0.0038503204637324,"Spearman",8
"94","REACTOME_APOPTOTIC_FACTOR_MEDIATED_RESPONSE","logFC","time_index",0.666666666666667,0.95,-0.0974064026422894,0.936297449114819,28,0.0709876543209875,"Spearman",8
"95","REACTOME_AQUAPORIN_MEDIATED_TRANSPORT","logFC","time_index",0.5,0.95,-0.339147615348341,0.896036658541189,42,0.20703125,"Spearman",8
"96","REACTOME_ARACHIDONIC_ACID_METABOLISM","logFC","time_index",-0.904761904761905,0.95,-0.983684612861427,-0.533790356386143,160,0.00200827550542945,"Spearman",8
"97","REACTOME_ARMS_MEDIATED_ACTIVATION","logFC","time_index",-0.142857142857143,0.95,-0.780354412477385,0.640248142039189,96,0.735764859879812,"Spearman",8
"98","REACTOME_ARYL_HYDROCARBON_RECEPTOR_SIGNALLING","logFC","time_index",-0.476190476190476,0.95,-0.889699256957141,0.366513175675711,124,0.232935534650098,"Spearman",8
"99","REACTOME_ASPARAGINE_N_LINKED_GLYCOSYLATION","logFC","time_index",-0.523809523809524,0.95,-0.902216683622693,0.310284135497842,128,0.182720750539715,"Spearman",8
"100","REACTOME_ASPARTATE_AND_ASPARAGINE_METABOLISM","logFC","time_index",-0.30952380952381,0.95,-0.840376529508442,0.524419581436004,110,0.455644890737582,"Spearman",8
"101","REACTOME_ASSEMBLY_AND_CELL_SURFACE_PRESENTATION_OF_NMDA_RECEPTORS","logFC","time_index",-0.571428571428572,0.95,-0.914127484841395,0.247542976361256,132,0.138959957160706,"Spearman",8
"102","REACTOME_ASSEMBLY_OF_ACTIVE_LPL_AND_LIPC_LIPASE_COMPLEXES","logFC","time_index",-0.595238095238095,0.95,-0.919869016525818,0.213366281883462,134,0.119529806138793,"Spearman",8
"103","REACTOME_ASSEMBLY_OF_COLLAGEN_FIBRILS_AND_OTHER_MULTIMERIC_STRUCTURES","logFC","time_index",-0.0952380952380952,0.95,-0.760737258941213,0.667880790009193,92,0.822505430203611,"Spearman",8
"104","REACTOME_ASSEMBLY_OF_THE_HIV_VIRION","logFC","time_index",-0.333333333333333,0.95,-0.848005453057694,0.504900458079174,112,0.419753086419753,"Spearman",8
"105","REACTOME_ASSEMBLY_OF_THE_ORC_COMPLEX_AT_THE_ORIGIN_OF_REPLICATION","logFC","time_index",0.285714285714286,0.95,-0.54309985976455,0.832531299467683,60,0.492726245016957,"Spearman",8
"106","REACTOME_ASSEMBLY_OF_THE_PRE_REPLICATIVE_COMPLEX","logFC","time_index",-0.833333333333333,0.95,-0.970532340947576,-0.288117791458932,154,0.0101755401234567,"Spearman",8
"107","REACTOME_ASSOCIATION_OF_TRIC_CCT_WITH_TARGET_PROTEINS_DURING_BIOSYNTHESIS","logFC","time_index",-0.142857142857143,0.95,-0.780354412477385,0.640248142039189,96,0.735764859879812,"Spearman",8
"108","REACTOME_ASYMMETRIC_LOCALIZATION_OF_PCP_PROTEINS","logFC","time_index",-0.80952380952381,0.95,-0.965958746049703,-0.219576117261057,152,0.0149026676862301,"Spearman",8
"109","REACTOME_ATF4_ACTIVATES_GENES_IN_RESPONSE_TO_ENDOPLASMIC_RETICULUM_STRESS","logFC","time_index",0.690476190476191,0.95,-0.0535187438915425,0.941523364223448,26,0.0579903181645727,"Spearman",8
"110","REACTOME_ATF6_ATF6_ALPHA_ACTIVATES_CHAPERONE_GENES","logFC","time_index",0.476190476190476,0.95,-0.366513175675711,0.889699256957141,44,0.232935534650098,"Spearman",8
"111","REACTOME_ATF6_ATF6_ALPHA_ACTIVATES_CHAPERONES","logFC","time_index",0.523809523809524,0.95,-0.310284135497842,0.902216683622693,40,0.182720750539715,"Spearman",8
"112","REACTOME_ATTACHMENT_OF_GPI_ANCHOR_TO_UPAR","logFC","time_index",-0.80952380952381,0.95,-0.965958746049703,-0.219576117261057,152,0.0149026676862301,"Spearman",8
"113","REACTOME_ATTENUATION_PHASE","logFC","time_index",-0.619047619047619,0.95,-0.925474715201005,0.177088868349271,136,0.101733037454265,"Spearman",8
"114","REACTOME_AUF1_HNRNP_D0_BINDS_AND_DESTABILIZES_MRNA","logFC","time_index",-0.880952380952381,0.95,-0.979392299033486,-0.444295219960863,158,0.00385032046373241,"Spearman",8
"115","REACTOME_AURKA_ACTIVATION_BY_TPX2","logFC","time_index",-0.0952380952380952,0.95,-0.760737258941213,0.667880790009193,92,0.822505430203611,"Spearman",8
"116","REACTOME_AUTOPHAGY","logFC","time_index",-0.285714285714286,0.95,-0.832531299467683,0.54309985976455,108,0.492726245016957,"Spearman",8
"117","REACTOME_B_WICH_COMPLEX_POSITIVELY_REGULATES_RRNA_EXPRESSION","logFC","time_index",0.285714285714286,0.95,-0.54309985976455,0.832531299467683,60,0.492726245016957,"Spearman",8
"118","REACTOME_BASE_EXCISION_REPAIR","logFC","time_index",0.19047619047619,0.95,-0.610428419161659,0.798792262364635,68,0.651401495702482,"Spearman",8
"119","REACTOME_BASE_EXCISION_REPAIR_AP_SITE_FORMATION","logFC","time_index",0.428571428571429,0.95,-0.417193948725786,0.876527650057209,48,0.28940322484679,"Spearman",8
"120","REACTOME_BASIGIN_INTERACTIONS","logFC","time_index",0.380952380952381,0.95,-0.463109038011872,0.862649204190628,52,0.351812553117565,"Spearman",8
"121","REACTOME_BBSOME_MEDIATED_CARGO_TARGETING_TO_CILIUM","logFC","time_index",-0.857142857142857,0.95,-0.975009179187399,-0.362741761851061,156,0.00653001725471529,"Spearman",8
"122","REACTOME_BETA_CATENIN_INDEPENDENT_WNT_SIGNALING","logFC","time_index",-0.761904761904762,0.95,-0.956508462065415,-0.0979893634330436,148,0.0280049391530719,"Spearman",8
"123","REACTOME_BETA_CATENIN_PHOSPHORYLATION_CASCADE","logFC","time_index",0.595238095238095,0.95,-0.213366281883462,0.919869016525818,34,0.119529806138793,"Spearman",8
"124","REACTOME_BETA_DEFENSINS","logFC","time_index",0.476190476190476,0.95,-0.366513175675711,0.889699256957141,44,0.232935534650098,"Spearman",8
"125","REACTOME_BETA_OXIDATION_OF_DECANOYL_COA_TO_OCTANOYL_COA_COA","logFC","time_index",-0.619047619047619,0.95,-0.925474715201005,0.177088868349271,136,0.101733037454265,"Spearman",8
"126","REACTOME_BETA_OXIDATION_OF_PRISTANOYL_COA","logFC","time_index",-0.785714285714286,0.95,-0.961285223464438,-0.156402242304734,150,0.0208151272535253,"Spearman",8
"127","REACTOME_BETA_OXIDATION_OF_VERY_LONG_CHAIN_FATTY_ACIDS","logFC","time_index",-0.595238095238095,0.95,-0.919869016525818,0.213366281883462,134,0.119529806138793,"Spearman",8
"128","REACTOME_BH3_ONLY_PROTEINS_ASSOCIATE_WITH_AND_INACTIVATE_ANTI_APOPTOTIC_BCL_2_MEMBERS","logFC","time_index",0.142857142857143,0.95,-0.640248142039189,0.780354412477385,72,0.735764859879812,"Spearman",8
"129","REACTOME_BICARBONATE_TRANSPORTERS","logFC","time_index",-0.119047619047619,0.95,-0.770700208881839,0.654322531330363,94,0.77888572605238,"Spearman",8
"130","REACTOME_BILE_ACID_AND_BILE_SALT_METABOLISM","logFC","time_index",-0.357142857142857,0.95,-0.855426894378632,0.484484688927055,114,0.385120643556256,"Spearman",8
"131","REACTOME_BINDING_AND_UPTAKE_OF_LIGANDS_BY_SCAVENGER_RECEPTORS","logFC","time_index",0.30952380952381,0.95,-0.524419581436004,0.840376529508442,58,0.455644890737582,"Spearman",8
"132","REACTOME_BINDING_OF_TCF_LEF_CTNNB1_TO_TARGET_GENE_PROMOTERS","logFC","time_index",0.285714285714286,0.95,-0.54309985976455,0.832531299467683,60,0.492726245016957,"Spearman",8
"133","REACTOME_BIOLOGICAL_OXIDATIONS","logFC","time_index",-0.833333333333333,0.95,-0.970532340947576,-0.288117791458932,154,0.0101755401234567,"Spearman",8
"134","REACTOME_BIOSYNTHESIS_OF_EPA_DERIVED_SPMS","logFC","time_index",0.238095238095238,0.95,-0.578151267742396,0.816154047863564,64,0.570156320815768,"Spearman",8
"135","REACTOME_BIOSYNTHESIS_OF_MARESINS","logFC","time_index",-0.404761904761905,0.95,-0.869680291013936,0.440704179922117,118,0.319888641228816,"Spearman",8
"136","REACTOME_BIOSYNTHESIS_OF_SPECIALIZED_PRORESOLVING_MEDIATORS_SPMS_","logFC","time_index",-0.452380952380952,0.95,-0.883198389869668,0.39249447291592,122,0.260404767436885,"Spearman",8
"137","REACTOME_BIOSYNTHESIS_OF_THE_N_GLYCAN_PRECURSOR_DOLICHOL_LIPID_LINKED_OLIGOSACCHARIDE_LLO_AND_TRANSFER_TO_A_NASCENT_PROTEIN","logFC","time_index",-0.761904761904762,0.95,-0.956508462065415,-0.0979893634330436,148,0.0280049391530719,"Spearman",8
"138","REACTOME_BIOTIN_TRANSPORT_AND_METABOLISM","logFC","time_index",0.214285714285714,0.95,-0.594615624587475,0.807601688398822,66,0.610344415645267,"Spearman",8
"139","REACTOME_BLOOD_GROUP_SYSTEMS_BIOSYNTHESIS","logFC","time_index",0.357142857142857,0.95,-0.484484688927055,0.855426894378632,54,0.385120643556256,"Spearman",8
"140","REACTOME_BMAL1_CLOCK_NPAS2_ACTIVATES_CIRCADIAN_GENE_EXPRESSION","logFC","time_index",0.738095238095238,0.95,0.0438188176793302,0.951625002805919,22,0.0365527610528607,"Spearman",8
"141","REACTOME_BRANCHED_CHAIN_AMINO_ACID_CATABOLISM","logFC","time_index",0.80952380952381,0.95,0.219576117261057,0.965958746049703,16,0.0149026676862301,"Spearman",8
"142","REACTOME_BUDDING_AND_MATURATION_OF_HIV_VIRION","logFC","time_index",0.523809523809524,0.95,-0.310284135497842,0.902216683622693,40,0.182720750539715,"Spearman",8
"143","REACTOME_BUTYRATE_RESPONSE_FACTOR_1_BRF1_BINDS_AND_DESTABILIZES_MRNA","logFC","time_index",0.5,0.95,-0.339147615348341,0.896036658541189,42,0.20703125,"Spearman",8
"144","REACTOME_C_TYPE_LECTIN_RECEPTORS_CLRS_","logFC","time_index",-0.857142857142857,0.95,-0.975009179187399,-0.362741761851061,156,0.00653001725471529,"Spearman",8
"145","REACTOME_CA_DEPENDENT_EVENTS","logFC","time_index",0.5,0.95,-0.339147615348341,0.896036658541189,42,0.20703125,"Spearman",8
"146","REACTOME_CA2_ACTIVATED_K_CHANNELS","logFC","time_index",-0.0476190476190476,0.95,-0.739823919612768,0.693558462335865,88,0.910849168519584,"Spearman",8
"147","REACTOME_CA2_PATHWAY","logFC","time_index",0.523809523809524,0.95,-0.310284135497842,0.902216683622693,40,0.182720750539715,"Spearman",8
"148","REACTOME_CALCINEURIN_ACTIVATES_NFAT","logFC","time_index",0.0714285714285714,0.95,-0.680950797892829,0.750450511180687,78,0.866526270675909,"Spearman",8
"149","REACTOME_CALCITONIN_LIKE_LIGAND_RECEPTORS","logFC","time_index",0.0714285714285714,0.95,-0.680950797892829,0.750450511180687,78,0.866526270675909,"Spearman",8
"150","REACTOME_CALNEXIN_CALRETICULIN_CYCLE","logFC","time_index",-0.595238095238095,0.95,-0.919869016525818,0.213366281883462,134,0.119529806138793,"Spearman",8
"151","REACTOME_CAMK_IV_MEDIATED_PHOSPHORYLATION_OF_CREB","logFC","time_index",0.142857142857143,0.95,-0.640248142039189,0.780354412477385,72,0.735764859879812,"Spearman",8
"152","REACTOME_CARBOXYTERMINAL_POST_TRANSLATIONAL_MODIFICATIONS_OF_TUBULIN","logFC","time_index",-0.357142857142857,0.95,-0.855426894378632,0.484484688927055,114,0.385120643556256,"Spearman",8
"153","REACTOME_CARDIAC_CONDUCTION","logFC","time_index",-0.30952380952381,0.95,-0.840376529508442,0.524419581436004,110,0.455644890737582,"Spearman",8
"154","REACTOME_CARGO_CONCENTRATION_IN_THE_ER","logFC","time_index",-0.523809523809524,0.95,-0.902216683622693,0.310284135497842,128,0.182720750539715,"Spearman",8
"155","REACTOME_CARGO_RECOGNITION_FOR_CLATHRIN_MEDIATED_ENDOCYTOSIS","logFC","time_index",-0.952380952380953,0.95,-0.992007880848522,-0.741746438225775,164,0.000260400024387246,"Spearman",8
"156","REACTOME_CARGO_TRAFFICKING_TO_THE_PERICILIARY_MEMBRANE","logFC","time_index",-0.857142857142857,0.95,-0.975009179187399,-0.362741761851061,156,0.00653001725471529,"Spearman",8
"157","REACTOME_CARNITINE_METABOLISM","logFC","time_index",-0.761904761904762,0.95,-0.956508462065415,-0.0979893634330436,148,0.0280049391530719,"Spearman",8
"158","REACTOME_CASPASE_ACTIVATION_VIA_DEATH_RECEPTORS_IN_THE_PRESENCE_OF_LIGAND","logFC","time_index",0.714285714285714,0.95,-0.00655536028441005,0.946631230365405,24,0.0465282322841672,"Spearman",8
"159","REACTOME_CASPASE_ACTIVATION_VIA_DEPENDENCE_RECEPTORS_IN_THE_ABSENCE_OF_LIGAND","logFC","time_index",0.904761904761905,0.95,0.533790356386143,0.983684612861427,7.99999999999998,0.00200827550542945,"Spearman",8
"160","REACTOME_CASPASE_ACTIVATION_VIA_EXTRINSIC_APOPTOTIC_SIGNALLING_PATHWAY","logFC","time_index",0.80952380952381,0.95,0.219576117261057,0.965958746049703,16,0.0149026676862301,"Spearman",8
"161","REACTOME_CASPASE_MEDIATED_CLEAVAGE_OF_CYTOSKELETAL_PROTEINS","logFC","time_index",0.880952380952381,0.95,0.444295219960863,0.979392299033486,9.99999999999999,0.0038503204637324,"Spearman",8
"162","REACTOME_CATION_COUPLED_CHLORIDE_COTRANSPORTERS","logFC","time_index",-0.738095238095238,0.95,-0.951625002805919,-0.0438188176793302,146,0.0365527610528608,"Spearman",8
"163","REACTOME_CD163_MEDIATING_AN_ANTI_INFLAMMATORY_RESPONSE","logFC","time_index",0.285714285714286,0.95,-0.54309985976455,0.832531299467683,60,0.492726245016957,"Spearman",8
"164","REACTOME_CD209_DC_SIGN_SIGNALING","logFC","time_index",0.80952380952381,0.95,0.219576117261057,0.965958746049703,16,0.0149026676862301,"Spearman",8
"165","REACTOME_CD28_CO_STIMULATION","logFC","time_index",-0.523809523809524,0.95,-0.902216683622693,0.310284135497842,128,0.182720750539715,"Spearman",8
"166","REACTOME_CD28_DEPENDENT_PI3K_AKT_SIGNALING","logFC","time_index",-0.833333333333333,0.95,-0.970532340947576,-0.288117791458932,154,0.0101755401234567,"Spearman",8
"167","REACTOME_CD28_DEPENDENT_VAV1_PATHWAY","logFC","time_index",0.214285714285714,0.95,-0.594615624587475,0.807601688398822,66,0.610344415645267,"Spearman",8
"168","REACTOME_CDC6_ASSOCIATION_WITH_THE_ORC_ORIGIN_COMPLEX","logFC","time_index",0,0.95,-0.717481538866778,0.717481538866778,84,1,"Spearman",8
"169","REACTOME_CELL_CELL_COMMUNICATION","logFC","time_index",0.80952380952381,0.95,0.219576117261057,0.965958746049703,16,0.0149026676862301,"Spearman",8
"170","REACTOME_CELL_CELL_JUNCTION_ORGANIZATION","logFC","time_index",0.5,0.95,-0.339147615348341,0.896036658541189,42,0.20703125,"Spearman",8
"171","REACTOME_CELL_CYCLE","logFC","time_index",-0.380952380952381,0.95,-0.862649204190628,0.463109038011872,116,0.351812553117565,"Spearman",8
"172","REACTOME_CELL_CYCLE_CHECKPOINTS","logFC","time_index",-0.80952380952381,0.95,-0.965958746049703,-0.219576117261057,152,0.0149026676862301,"Spearman",8
"173","REACTOME_CELL_CYCLE_MITOTIC","logFC","time_index",-0.476190476190476,0.95,-0.889699256957141,0.366513175675711,124,0.232935534650098,"Spearman",8
"174","REACTOME_CELL_DEATH_SIGNALLING_VIA_NRAGE_NRIF_AND_NADE","logFC","time_index",0.738095238095238,0.95,0.0438188176793302,0.951625002805919,22,0.0365527610528607,"Spearman",8
"175","REACTOME_CELL_EXTRACELLULAR_MATRIX_INTERACTIONS","logFC","time_index",0.547619047619048,0.95,-0.27979628705577,0.908245122495473,38,0.160025642538896,"Spearman",8
"176","REACTOME_CELL_JUNCTION_ORGANIZATION","logFC","time_index",0.523809523809524,0.95,-0.310284135497842,0.902216683622693,40,0.182720750539715,"Spearman",8
"177","REACTOME_CELL_SURFACE_INTERACTIONS_AT_THE_VASCULAR_WALL","logFC","time_index",0.785714285714286,0.95,0.156402242304734,0.961285223464438,18,0.0208151272535253,"Spearman",8
"178","REACTOME_CELLULAR_HEXOSE_TRANSPORT","logFC","time_index",0.214285714285714,0.95,-0.594615624587475,0.807601688398822,66,0.610344415645267,"Spearman",8
"179","REACTOME_CELLULAR_RESPONSE_TO_HEAT_STRESS","logFC","time_index",-0.666666666666667,0.95,-0.936297449114819,0.0974064026422894,140,0.0709876543209875,"Spearman",8
"180","REACTOME_CELLULAR_RESPONSE_TO_HYPOXIA","logFC","time_index",-0.880952380952381,0.95,-0.979392299033486,-0.444295219960863,158,0.00385032046373241,"Spearman",8
"181","REACTOME_CELLULAR_RESPONSES_TO_EXTERNAL_STIMULI","logFC","time_index",-0.0476190476190476,0.95,-0.739823919612768,0.693558462335865,88,0.910849168519584,"Spearman",8
"182","REACTOME_CELLULAR_SENESCENCE","logFC","time_index",0.714285714285714,0.95,-0.00655536028441005,0.946631230365405,24,0.0465282322841672,"Spearman",8
"183","REACTOME_CGMP_EFFECTS","logFC","time_index",0.166666666666667,0.95,-0.625627578496279,0.78971400256287,70,0.693238811728395,"Spearman",8
"184","REACTOME_CHAPERONE_MEDIATED_AUTOPHAGY","logFC","time_index",0.476190476190476,0.95,-0.366513175675711,0.889699256957141,44,0.232935534650098,"Spearman",8
"185","REACTOME_CHEMOKINE_RECEPTORS_BIND_CHEMOKINES","logFC","time_index",0.285714285714286,0.95,-0.54309985976455,0.832531299467683,60,0.492726245016957,"Spearman",8
"186","REACTOME_CHK1_CHK2_CDS1_MEDIATED_INACTIVATION_OF_CYCLIN_B_CDK1_COMPLEX","logFC","time_index",-0.595238095238095,0.95,-0.919869016525818,0.213366281883462,134,0.119529806138793,"Spearman",8
"187","REACTOME_CHL1_INTERACTIONS","logFC","time_index",0.285714285714286,0.95,-0.54309985976455,0.832531299467683,60,0.492726245016957,"Spearman",8
"188","REACTOME_CHOLESTEROL_BIOSYNTHESIS","logFC","time_index",-0.404761904761905,0.95,-0.869680291013936,0.440704179922117,118,0.319888641228816,"Spearman",8
"189","REACTOME_CHOLINE_CATABOLISM","logFC","time_index",0.857142857142857,0.95,0.362741761851061,0.975009179187399,12,0.00653001725471527,"Spearman",8
"190","REACTOME_CHONDROITIN_SULFATE_BIOSYNTHESIS","logFC","time_index",0,0.95,-0.717481538866778,0.717481538866778,84,1,"Spearman",8
"191","REACTOME_CHONDROITIN_SULFATE_DERMATAN_SULFATE_METABOLISM","logFC","time_index",0.690476190476191,0.95,-0.0535187438915425,0.941523364223448,26,0.0579903181645727,"Spearman",8
"192","REACTOME_CHREBP_ACTIVATES_METABOLIC_GENE_EXPRESSION","logFC","time_index",-0.642857142857143,0.95,-0.930949344815045,0.138510908918769,138,0.0855588910126729,"Spearman",8
"193","REACTOME_CHROMATIN_MODIFYING_ENZYMES","logFC","time_index",0.904761904761905,0.95,0.533790356386143,0.983684612861427,7.99999999999998,0.00200827550542945,"Spearman",8
"194","REACTOME_CHROMOSOME_MAINTENANCE","logFC","time_index",-0.19047619047619,0.95,-0.798792262364635,0.610428419161659,100,0.651401495702482,"Spearman",8
"195","REACTOME_CHYLOMICRON_ASSEMBLY","logFC","time_index",-0.738095238095238,0.95,-0.951625002805919,-0.0438188176793302,146,0.0365527610528608,"Spearman",8
"196","REACTOME_CHYLOMICRON_CLEARANCE","logFC","time_index",-0.0714285714285714,0.95,-0.750450511180687,0.680950797892829,90,0.866526270675909,"Spearman",8
"197","REACTOME_CHYLOMICRON_REMODELING","logFC","time_index",-0.761904761904762,0.95,-0.956508462065415,-0.0979893634330436,148,0.0280049391530719,"Spearman",8
"198","REACTOME_CILIUM_ASSEMBLY","logFC","time_index",0.238095238095238,0.95,-0.578151267742396,0.816154047863564,64,0.570156320815768,"Spearman",8
"199","REACTOME_CIRCADIAN_CLOCK","logFC","time_index",0.833333333333333,0.95,0.288117791458932,0.970532340947576,14,0.0101755401234568,"Spearman",8
"200","REACTOME_CITRIC_ACID_CYCLE_TCA_CYCLE_","logFC","time_index",-0.333333333333333,0.95,-0.848005453057694,0.504900458079174,112,0.419753086419753,"Spearman",8
"201","REACTOME_CLASS_A_1_RHODOPSIN_LIKE_RECEPTORS_","logFC","time_index",-0.0476190476190476,0.95,-0.739823919612768,0.693558462335865,88,0.910849168519584,"Spearman",8
"202","REACTOME_CLASS_B_2_SECRETIN_FAMILY_RECEPTORS_","logFC","time_index",-0.523809523809524,0.95,-0.902216683622693,0.310284135497842,128,0.182720750539715,"Spearman",8
"203","REACTOME_CLASS_C_3_METABOTROPIC_GLUTAMATE_PHEROMONE_RECEPTORS_","logFC","time_index",-0.642857142857143,0.95,-0.930949344815045,0.138510908918769,138,0.0855588910126729,"Spearman",8
"204","REACTOME_CLASS_I_MHC_MEDIATED_ANTIGEN_PROCESSING_PRESENTATION","logFC","time_index",-0.714285714285714,0.95,-0.946631230365405,0.00655536028441005,144,0.0465282322841671,"Spearman",8
"205","REACTOME_CLASS_I_PEROXISOMAL_MEMBRANE_PROTEIN_IMPORT","logFC","time_index",0.571428571428572,0.95,-0.247542976361256,0.914127484841395,36,0.138959957160707,"Spearman",8
"206","REACTOME_CLATHRIN_MEDIATED_ENDOCYTOSIS","logFC","time_index",-0.952380952380953,0.95,-0.992007880848522,-0.741746438225775,164,0.000260400024387246,"Spearman",8
"207","REACTOME_CLEC7A_DECTIN_1_INDUCES_NFAT_ACTIVATION","logFC","time_index",-0.119047619047619,0.95,-0.770700208881839,0.654322531330363,94,0.77888572605238,"Spearman",8
"208","REACTOME_CLEC7A_DECTIN_1_SIGNALING","logFC","time_index",-0.904761904761905,0.95,-0.983684612861427,-0.533790356386143,160,0.00200827550542945,"Spearman",8
"209","REACTOME_CLEC7A_INFLAMMASOME_PATHWAY","logFC","time_index",0.547619047619048,0.95,-0.27979628705577,0.908245122495473,38,0.160025642538896,"Spearman",8
"210","REACTOME_COBALAMIN_CBL_VITAMIN_B12_TRANSPORT_AND_METABOLISM","logFC","time_index",0.119047619047619,0.95,-0.654322531330363,0.770700208881839,74,0.77888572605238,"Spearman",8
"211","REACTOME_COENZYME_A_BIOSYNTHESIS","logFC","time_index",-0.261904761904762,0.95,-0.824460431079162,0.560994230299003,106,0.530922861565801,"Spearman",8
"212","REACTOME_COHESIN_LOADING_ONTO_CHROMATIN","logFC","time_index",0.30952380952381,0.95,-0.524419581436004,0.840376529508442,58,0.455644890737582,"Spearman",8
"213","REACTOME_COLLAGEN_BIOSYNTHESIS_AND_MODIFYING_ENZYMES","logFC","time_index",-0.238095238095238,0.95,-0.816154047863564,0.578151267742396,104,0.570156320815768,"Spearman",8
"214","REACTOME_COLLAGEN_CHAIN_TRIMERIZATION","logFC","time_index",0.0714285714285714,0.95,-0.680950797892829,0.750450511180687,78,0.866526270675909,"Spearman",8
"215","REACTOME_COLLAGEN_DEGRADATION","logFC","time_index",0.166666666666667,0.95,-0.625627578496279,0.78971400256287,70,0.693238811728395,"Spearman",8
"216","REACTOME_COLLAGEN_FORMATION","logFC","time_index",-0.380952380952381,0.95,-0.862649204190628,0.463109038011872,116,0.351812553117565,"Spearman",8
"217","REACTOME_COMMON_PATHWAY_OF_FIBRIN_CLOT_FORMATION","logFC","time_index",0.214285714285714,0.95,-0.594615624587475,0.807601688398822,66,0.610344415645267,"Spearman",8
"218","REACTOME_COMPETING_ENDOGENOUS_RNAS_CERNAS_REGULATE_PTEN_TRANSLATION","logFC","time_index",0.738095238095238,0.95,0.0438188176793302,0.951625002805919,22,0.0365527610528607,"Spearman",8
"219","REACTOME_COMPLEMENT_CASCADE","logFC","time_index",0.0238095238095238,0.95,-0.705727889635272,0.728840360218264,82,0.955374011815881,"Spearman",8
"220","REACTOME_COMPLEX_I_BIOGENESIS","logFC","time_index",-0.595238095238095,0.95,-0.919869016525818,0.213366281883462,134,0.119529806138793,"Spearman",8
"221","REACTOME_CONDENSATION_OF_PROMETAPHASE_CHROMOSOMES","logFC","time_index",-0.761904761904762,0.95,-0.956508462065415,-0.0979893634330436,148,0.0280049391530719,"Spearman",8
"222","REACTOME_CONDENSATION_OF_PROPHASE_CHROMOSOMES","logFC","time_index",-0.595238095238095,0.95,-0.919869016525818,0.213366281883462,134,0.119529806138793,"Spearman",8
"223","REACTOME_CONSTITUTIVE_SIGNALING_BY_ABERRANT_PI3K_IN_CANCER","logFC","time_index",0.714285714285714,0.95,-0.00655536028441005,0.946631230365405,24,0.0465282322841672,"Spearman",8
"224","REACTOME_CONSTITUTIVE_SIGNALING_BY_AKT1_E17K_IN_CANCER","logFC","time_index",0.238095238095238,0.95,-0.578151267742396,0.816154047863564,64,0.570156320815768,"Spearman",8
"225","REACTOME_CONSTITUTIVE_SIGNALING_BY_EGFRVIII","logFC","time_index",0.714285714285714,0.95,-0.00655536028441005,0.946631230365405,24,0.0465282322841672,"Spearman",8
"226","REACTOME_CONSTITUTIVE_SIGNALING_BY_LIGAND_RESPONSIVE_EGFR_CANCER_VARIANTS","logFC","time_index",0.761904761904762,0.95,0.0979893634330436,0.956508462065415,20,0.0280049391530718,"Spearman",8
"227","REACTOME_CONSTITUTIVE_SIGNALING_BY_OVEREXPRESSED_ERBB2","logFC","time_index",0.547619047619048,0.95,-0.27979628705577,0.908245122495473,38,0.160025642538896,"Spearman",8
"228","REACTOME_CONVERSION_FROM_APC_C_CDC20_TO_APC_C_CDH1_IN_LATE_ANAPHASE","logFC","time_index",-0.0476190476190476,0.95,-0.739823919612768,0.693558462335865,88,0.910849168519584,"Spearman",8
"229","REACTOME_COOPERATION_OF_PDCL_PHLP1_AND_TRIC_CCT_IN_G_PROTEIN_BETA_FOLDING","logFC","time_index",-0.333333333333333,0.95,-0.848005453057694,0.504900458079174,112,0.419753086419753,"Spearman",8
"230","REACTOME_COOPERATION_OF_PREFOLDIN_AND_TRIC_CCT_IN_ACTIN_AND_TUBULIN_FOLDING","logFC","time_index",-0.690476190476191,0.95,-0.941523364223448,0.0535187438915425,142,0.0579903181645726,"Spearman",8
"231","REACTOME_COPI_DEPENDENT_GOLGI_TO_ER_RETROGRADE_TRAFFIC","logFC","time_index",-0.619047619047619,0.95,-0.925474715201005,0.177088868349271,136,0.101733037454265,"Spearman",8
"232","REACTOME_COPI_INDEPENDENT_GOLGI_TO_ER_RETROGRADE_TRAFFIC","logFC","time_index",0.0714285714285714,0.95,-0.680950797892829,0.750450511180687,78,0.866526270675909,"Spearman",8
"233","REACTOME_COPI_MEDIATED_ANTEROGRADE_TRANSPORT","logFC","time_index",-0.30952380952381,0.95,-0.840376529508442,0.524419581436004,110,0.455644890737582,"Spearman",8
"234","REACTOME_COPII_MEDIATED_VESICLE_TRANSPORT","logFC","time_index",-0.404761904761905,0.95,-0.869680291013936,0.440704179922117,118,0.319888641228816,"Spearman",8
"235","REACTOME_COSTIMULATION_BY_THE_CD28_FAMILY","logFC","time_index",0.357142857142857,0.95,-0.484484688927055,0.855426894378632,54,0.385120643556256,"Spearman",8
"236","REACTOME_CREATINE_METABOLISM","logFC","time_index",-0.380952380952381,0.95,-0.862649204190628,0.463109038011872,116,0.351812553117565,"Spearman",8
"237","REACTOME_CREATION_OF_C4_AND_C2_ACTIVATORS","logFC","time_index",0.0476190476190476,0.95,-0.693558462335865,0.739823919612768,80,0.910849168519584,"Spearman",8
"238","REACTOME_CREB_PHOSPHORYLATION","logFC","time_index",0.666666666666667,0.95,-0.0974064026422894,0.936297449114819,28,0.0709876543209875,"Spearman",8
"239","REACTOME_CREB1_PHOSPHORYLATION_THROUGH_NMDA_RECEPTOR_MEDIATED_ACTIVATION_OF_RAS_SIGNALING","logFC","time_index",0.0238095238095238,0.95,-0.705727889635272,0.728840360218264,82,0.955374011815881,"Spearman",8
"240","REACTOME_CREB1_PHOSPHORYLATION_THROUGH_THE_ACTIVATION_OF_ADENYLATE_CYCLASE","logFC","time_index",0.285714285714286,0.95,-0.54309985976455,0.832531299467683,60,0.492726245016957,"Spearman",8
"241","REACTOME_CREB1_PHOSPHORYLATION_THROUGH_THE_ACTIVATION_OF_CAMKII_CAMKK_CAMKIV_CASCASDE","logFC","time_index",0.452380952380952,0.95,-0.39249447291592,0.883198389869668,46,0.260404767436885,"Spearman",8
"242","REACTOME_CREB3_FACTORS_ACTIVATE_GENES","logFC","time_index",-0.738095238095238,0.95,-0.951625002805919,-0.0438188176793302,146,0.0365527610528608,"Spearman",8
"243","REACTOME_CRISTAE_FORMATION","logFC","time_index",-0.619047619047619,0.95,-0.925474715201005,0.177088868349271,136,0.101733037454265,"Spearman",8
"244","REACTOME_CRMPS_IN_SEMA3A_SIGNALING","logFC","time_index",-0.571428571428572,0.95,-0.914127484841395,0.247542976361256,132,0.138959957160706,"Spearman",8
"245","REACTOME_CROSS_PRESENTATION_OF_PARTICULATE_EXOGENOUS_ANTIGENS_PHAGOSOMES_","logFC","time_index",0.142857142857143,0.95,-0.640248142039189,0.780354412477385,72,0.735764859879812,"Spearman",8
"246","REACTOME_CROSS_PRESENTATION_OF_SOLUBLE_EXOGENOUS_ANTIGENS_ENDOSOMES_","logFC","time_index",-0.833333333333333,0.95,-0.970532340947576,-0.288117791458932,154,0.0101755401234567,"Spearman",8
"247","REACTOME_CROSSLINKING_OF_COLLAGEN_FIBRILS","logFC","time_index",0.0714285714285714,0.95,-0.680950797892829,0.750450511180687,78,0.866526270675909,"Spearman",8
"248","REACTOME_CS_DS_DEGRADATION","logFC","time_index",0.761904761904762,0.95,0.0979893634330436,0.956508462065415,20,0.0280049391530718,"Spearman",8
"249","REACTOME_CTLA4_INHIBITORY_SIGNALING","logFC","time_index",0.523809523809524,0.95,-0.310284135497842,0.902216683622693,40,0.182720750539715,"Spearman",8
"250","REACTOME_CYCLIN_A_B1_B2_ASSOCIATED_EVENTS_DURING_G2_M_TRANSITION","logFC","time_index",-0.714285714285714,0.95,-0.946631230365405,0.00655536028441005,144,0.0465282322841671,"Spearman",8
"251","REACTOME_CYCLIN_A_CDK2_ASSOCIATED_EVENTS_AT_S_PHASE_ENTRY","logFC","time_index",-0.80952380952381,0.95,-0.965958746049703,-0.219576117261057,152,0.0149026676862301,"Spearman",8
"252","REACTOME_CYCLIN_D_ASSOCIATED_EVENTS_IN_G1","logFC","time_index",0.547619047619048,0.95,-0.27979628705577,0.908245122495473,38,0.160025642538896,"Spearman",8
"253","REACTOME_CYP2E1_REACTIONS","logFC","time_index",-0.5,0.95,-0.896036658541189,0.339147615348341,126,0.20703125,"Spearman",8
"254","REACTOME_CYTOCHROME_C_MEDIATED_APOPTOTIC_RESPONSE","logFC","time_index",0.785714285714286,0.95,0.156402242304734,0.961285223464438,18,0.0208151272535253,"Spearman",8
"255","REACTOME_CYTOCHROME_P450_ARRANGED_BY_SUBSTRATE_TYPE","logFC","time_index",-0.952380952380953,0.95,-0.992007880848522,-0.741746438225775,164,0.000260400024387246,"Spearman",8
"256","REACTOME_CYTOKINE_SIGNALING_IN_IMMUNE_SYSTEM","logFC","time_index",0.285714285714286,0.95,-0.54309985976455,0.832531299467683,60,0.492726245016957,"Spearman",8
"257","REACTOME_CYTOSOLIC_IRON_SULFUR_CLUSTER_ASSEMBLY","logFC","time_index",-0.904761904761905,0.95,-0.983684612861427,-0.533790356386143,160,0.00200827550542945,"Spearman",8
"258","REACTOME_CYTOSOLIC_SENSORS_OF_PATHOGEN_ASSOCIATED_DNA_","logFC","time_index",0.0952380952380952,0.95,-0.667880790009193,0.760737258941213,76,0.822505430203611,"Spearman",8
"259","REACTOME_CYTOSOLIC_SULFONATION_OF_SMALL_MOLECULES","logFC","time_index",-0.833333333333333,0.95,-0.970532340947576,-0.288117791458932,154,0.0101755401234567,"Spearman",8
"260","REACTOME_CYTOSOLIC_TRNA_AMINOACYLATION","logFC","time_index",-0.738095238095238,0.95,-0.951625002805919,-0.0438188176793302,146,0.0365527610528608,"Spearman",8
"261","REACTOME_DAG_AND_IP3_SIGNALING","logFC","time_index",0.714285714285714,0.95,-0.00655536028441005,0.946631230365405,24,0.0465282322841672,"Spearman",8
"262","REACTOME_DAP12_INTERACTIONS","logFC","time_index",0.142857142857143,0.95,-0.640248142039189,0.780354412477385,72,0.735764859879812,"Spearman",8
"263","REACTOME_DAP12_SIGNALING","logFC","time_index",0.30952380952381,0.95,-0.524419581436004,0.840376529508442,58,0.455644890737582,"Spearman",8
"264","REACTOME_DARPP_32_EVENTS","logFC","time_index",0.428571428571429,0.95,-0.417193948725786,0.876527650057209,48,0.28940322484679,"Spearman",8
"265","REACTOME_DCC_MEDIATED_ATTRACTIVE_SIGNALING","logFC","time_index",0.619047619047619,0.95,-0.177088868349271,0.925474715201005,32,0.101733037454265,"Spearman",8
"266","REACTOME_DDX58_IFIH1_MEDIATED_INDUCTION_OF_INTERFERON_ALPHA_BETA","logFC","time_index",0.214285714285714,0.95,-0.594615624587475,0.807601688398822,66,0.610344415645267,"Spearman",8
"267","REACTOME_DEACTIVATION_OF_THE_BETA_CATENIN_TRANSACTIVATING_COMPLEX","logFC","time_index",0.214285714285714,0.95,-0.594615624587475,0.807601688398822,66,0.610344415645267,"Spearman",8
"268","REACTOME_DEADENYLATION_DEPENDENT_MRNA_DECAY","logFC","time_index",0.714285714285714,0.95,-0.00655536028441005,0.946631230365405,24,0.0465282322841672,"Spearman",8
"269","REACTOME_DEADENYLATION_OF_MRNA","logFC","time_index",0.523809523809524,0.95,-0.310284135497842,0.902216683622693,40,0.182720750539715,"Spearman",8
"270","REACTOME_DEATH_RECEPTOR_SIGNALLING","logFC","time_index",0.904761904761905,0.95,0.533790356386143,0.983684612861427,7.99999999999998,0.00200827550542945,"Spearman",8
"271","REACTOME_DECTIN_1_MEDIATED_NONCANONICAL_NF_KB_SIGNALING","logFC","time_index",-0.880952380952381,0.95,-0.979392299033486,-0.444295219960863,158,0.00385032046373241,"Spearman",8
"272","REACTOME_DECTIN_2_FAMILY","logFC","time_index",0.476190476190476,0.95,-0.366513175675711,0.889699256957141,44,0.232935534650098,"Spearman",8
"273","REACTOME_DEFECTIVE_B4GALT1_CAUSES_B4GALT1_CDG_CDG_2D_","logFC","time_index",-0.714285714285714,0.95,-0.946631230365405,0.00655536028441005,144,0.0465282322841671,"Spearman",8
"274","REACTOME_DEFECTIVE_B4GALT7_CAUSES_EDS_PROGEROID_TYPE","logFC","time_index",0.714285714285714,0.95,-0.00655536028441005,0.946631230365405,24,0.0465282322841672,"Spearman",8
"275","REACTOME_DEFECTIVE_C1GALT1C1_CAUSES_TN_POLYAGGLUTINATION_SYNDROME_TNPS_","logFC","time_index",-0.428571428571429,0.95,-0.876527650057209,0.417193948725786,120,0.28940322484679,"Spearman",8
"276","REACTOME_DEFECTIVE_CFTR_CAUSES_CYSTIC_FIBROSIS","logFC","time_index",-0.880952380952381,0.95,-0.979392299033486,-0.444295219960863,158,0.00385032046373241,"Spearman",8
"277","REACTOME_DEFECTIVE_CHST14_CAUSES_EDS_MUSCULOCONTRACTURAL_TYPE","logFC","time_index",0.261904761904762,0.95,-0.560994230299003,0.824460431079162,62,0.530922861565801,"Spearman",8
"278","REACTOME_DEFECTIVE_CHST3_CAUSES_SEDCJD","logFC","time_index",0.285714285714286,0.95,-0.54309985976455,0.832531299467683,60,0.492726245016957,"Spearman",8
"279","REACTOME_DEFECTIVE_CHST6_CAUSES_MCDC1","logFC","time_index",-0.547619047619048,0.95,-0.908245122495473,0.27979628705577,130,0.160025642538896,"Spearman",8
"280","REACTOME_DEFECTIVE_CHSY1_CAUSES_TPBS","logFC","time_index",0.619047619047619,0.95,-0.177088868349271,0.925474715201005,32,0.101733037454265,"Spearman",8
"281","REACTOME_DEFECTIVE_CSF2RB_CAUSES_PULMONARY_SURFACTANT_METABOLISM_DYSFUNCTION_5_SMDP5_","logFC","time_index",0.785714285714286,0.95,0.156402242304734,0.961285223464438,18,0.0208151272535253,"Spearman",8
"282","REACTOME_DEFECTIVE_EXT2_CAUSES_EXOSTOSES_2","logFC","time_index",0.619047619047619,0.95,-0.177088868349271,0.925474715201005,32,0.101733037454265,"Spearman",8
"283","REACTOME_DEFECTIVE_FACTOR_IX_CAUSES_HEMOPHILIA_B","logFC","time_index",-0.738095238095238,0.95,-0.951625002805919,-0.0438188176793302,146,0.0365527610528608,"Spearman",8
"284","REACTOME_DEFECTIVE_FACTOR_VIII_CAUSES_HEMOPHILIA_A","logFC","time_index",-0.0238095238095238,0.95,-0.728840360218264,0.705727889635272,86,0.955374011815881,"Spearman",8
"285","REACTOME_DEFECTIVE_GALNT3_CAUSES_FAMILIAL_HYPERPHOSPHATEMIC_TUMORAL_CALCINOSIS_HFTC_","logFC","time_index",-0.333333333333333,0.95,-0.848005453057694,0.504900458079174,112,0.419753086419753,"Spearman",8
"286","REACTOME_DEFECTIVE_LFNG_CAUSES_SCDO3","logFC","time_index",0.214285714285714,0.95,-0.594615624587475,0.807601688398822,66,0.610344415645267,"Spearman",8
"287","REACTOME_DEFECTIVE_ST3GAL3_CAUSES_MCT12_AND_EIEE15","logFC","time_index",-0.547619047619048,0.95,-0.908245122495473,0.27979628705577,130,0.160025642538896,"Spearman",8
"288","REACTOME_DEFECTS_IN_BIOTIN_BTN_METABOLISM","logFC","time_index",0.214285714285714,0.95,-0.594615624587475,0.807601688398822,66,0.610344415645267,"Spearman",8
"289","REACTOME_DEFECTS_IN_COBALAMIN_B12_METABOLISM","logFC","time_index",0.523809523809524,0.95,-0.310284135497842,0.902216683622693,40,0.182720750539715,"Spearman",8
"290","REACTOME_DEFECTS_IN_VITAMIN_AND_COFACTOR_METABOLISM","logFC","time_index",0.523809523809524,0.95,-0.310284135497842,0.902216683622693,40,0.182720750539715,"Spearman",8
"291","REACTOME_DEFECTS_OF_CONTACT_ACTIVATION_SYSTEM_CAS_AND_KALLIKREIN_KININ_SYSTEM_KKS_","logFC","time_index",0.119047619047619,0.95,-0.654322531330363,0.770700208881839,74,0.77888572605238,"Spearman",8
"292","REACTOME_DEFENSINS","logFC","time_index",0.523809523809524,0.95,-0.310284135497842,0.902216683622693,40,0.182720750539715,"Spearman",8
"293","REACTOME_DEGRADATION_OF_AXIN","logFC","time_index",-0.761904761904762,0.95,-0.956508462065415,-0.0979893634330436,148,0.0280049391530719,"Spearman",8
"294","REACTOME_DEGRADATION_OF_BETA_CATENIN_BY_THE_DESTRUCTION_COMPLEX","logFC","time_index",-0.761904761904762,0.95,-0.956508462065415,-0.0979893634330436,148,0.0280049391530719,"Spearman",8
"295","REACTOME_DEGRADATION_OF_CYSTEINE_AND_HOMOCYSTEINE","logFC","time_index",0.357142857142857,0.95,-0.484484688927055,0.855426894378632,54,0.385120643556256,"Spearman",8
"296","REACTOME_DEGRADATION_OF_DVL","logFC","time_index",-0.833333333333333,0.95,-0.970532340947576,-0.288117791458932,154,0.0101755401234567,"Spearman",8
"297","REACTOME_DEGRADATION_OF_GLI1_BY_THE_PROTEASOME","logFC","time_index",-0.833333333333333,0.95,-0.970532340947576,-0.288117791458932,154,0.0101755401234567,"Spearman",8
"298","REACTOME_DEGRADATION_OF_THE_EXTRACELLULAR_MATRIX","logFC","time_index",0.333333333333333,0.95,-0.504900458079174,0.848005453057694,56,0.419753086419753,"Spearman",8
"299","REACTOME_DEPOLYMERISATION_OF_THE_NUCLEAR_LAMINA","logFC","time_index",0.476190476190476,0.95,-0.366513175675711,0.889699256957141,44,0.232935534650098,"Spearman",8
"300","REACTOME_DEPOSITION_OF_NEW_CENPA_CONTAINING_NUCLEOSOMES_AT_THE_CENTROMERE","logFC","time_index",-0.571428571428572,0.95,-0.914127484841395,0.247542976361256,132,0.138959957160706,"Spearman",8
"301","REACTOME_DERMATAN_SULFATE_BIOSYNTHESIS","logFC","time_index",0.285714285714286,0.95,-0.54309985976455,0.832531299467683,60,0.492726245016957,"Spearman",8
"302","REACTOME_DETOXIFICATION_OF_REACTIVE_OXYGEN_SPECIES","logFC","time_index",-0.0952380952380952,0.95,-0.760737258941213,0.667880790009193,92,0.822505430203611,"Spearman",8
"303","REACTOME_DEUBIQUITINATION","logFC","time_index",-0.738095238095238,0.95,-0.951625002805919,-0.0438188176793302,146,0.0365527610528608,"Spearman",8
"304","REACTOME_DEVELOPMENTAL_BIOLOGY","logFC","time_index",0.595238095238095,0.95,-0.213366281883462,0.919869016525818,34,0.119529806138793,"Spearman",8
"305","REACTOME_DEX_H_BOX_HELICASES_ACTIVATE_TYPE_I_IFN_AND_INFLAMMATORY_CYTOKINES_PRODUCTION_","logFC","time_index",0.547619047619048,0.95,-0.27979628705577,0.908245122495473,38,0.160025642538896,"Spearman",8
"306","REACTOME_DIGESTION","logFC","time_index",-0.166666666666667,0.95,-0.78971400256287,0.625627578496279,98,0.693238811728395,"Spearman",8
"307","REACTOME_DIGESTION_AND_ABSORPTION","logFC","time_index",-0.166666666666667,0.95,-0.78971400256287,0.625627578496279,98,0.693238811728395,"Spearman",8
"308","REACTOME_DIGESTION_OF_DIETARY_CARBOHYDRATE","logFC","time_index",0.428571428571429,0.95,-0.417193948725786,0.876527650057209,48,0.28940322484679,"Spearman",8
"309","REACTOME_DIGESTION_OF_DIETARY_LIPID","logFC","time_index",0.0238095238095238,0.95,-0.705727889635272,0.728840360218264,82,0.955374011815881,"Spearman",8
"310","REACTOME_DISASSEMBLY_OF_THE_DESTRUCTION_COMPLEX_AND_RECRUITMENT_OF_AXIN_TO_THE_MEMBRANE","logFC","time_index",0.714285714285714,0.95,-0.00655536028441005,0.946631230365405,24,0.0465282322841672,"Spearman",8
"311","REACTOME_DISEASE","logFC","time_index",0.166666666666667,0.95,-0.625627578496279,0.78971400256287,70,0.693238811728395,"Spearman",8
"312","REACTOME_DISEASES_ASSOCIATED_WITH_GLYCOSAMINOGLYCAN_METABOLISM","logFC","time_index",0.333333333333333,0.95,-0.504900458079174,0.848005453057694,56,0.419753086419753,"Spearman",8
"313","REACTOME_DISEASES_ASSOCIATED_WITH_GLYCOSYLATION_PRECURSOR_BIOSYNTHESIS","logFC","time_index",-0.5,0.95,-0.896036658541189,0.339147615348341,126,0.20703125,"Spearman",8
"314","REACTOME_DISEASES_ASSOCIATED_WITH_N_GLYCOSYLATION_OF_PROTEINS","logFC","time_index",-0.595238095238095,0.95,-0.919869016525818,0.213366281883462,134,0.119529806138793,"Spearman",8
"315","REACTOME_DISEASES_ASSOCIATED_WITH_O_GLYCOSYLATION_OF_PROTEINS","logFC","time_index",-0.0238095238095238,0.95,-0.728840360218264,0.705727889635272,86,0.955374011815881,"Spearman",8
"316","REACTOME_DISEASES_ASSOCIATED_WITH_SURFACTANT_METABOLISM","logFC","time_index",0.142857142857143,0.95,-0.640248142039189,0.780354412477385,72,0.735764859879812,"Spearman",8
"317","REACTOME_DISEASES_OF_CARBOHYDRATE_METABOLISM","logFC","time_index",0.761904761904762,0.95,0.0979893634330436,0.956508462065415,20,0.0280049391530718,"Spearman",8
"318","REACTOME_DISEASES_OF_DNA_REPAIR","logFC","time_index",0.928571428571429,0.95,0.632446585771284,0.987888913611396,5.99999999999999,0.000862968182899978,"Spearman",8
"319","REACTOME_DISEASES_OF_GLYCOSYLATION","logFC","time_index",-0.642857142857143,0.95,-0.930949344815045,0.138510908918769,138,0.0855588910126729,"Spearman",8
"320","REACTOME_DISEASES_OF_IMMUNE_SYSTEM","logFC","time_index",0.547619047619048,0.95,-0.27979628705577,0.908245122495473,38,0.160025642538896,"Spearman",8
"321","REACTOME_DISEASES_OF_METABOLISM","logFC","time_index",0.333333333333333,0.95,-0.504900458079174,0.848005453057694,56,0.419753086419753,"Spearman",8
"322","REACTOME_DISEASES_OF_MITOTIC_CELL_CYCLE","logFC","time_index",0.30952380952381,0.95,-0.524419581436004,0.840376529508442,58,0.455644890737582,"Spearman",8
"323","REACTOME_DISEASES_OF_PROGRAMMED_CELL_DEATH","logFC","time_index",0.0714285714285714,0.95,-0.680950797892829,0.750450511180687,78,0.866526270675909,"Spearman",8
"324","REACTOME_DISEASES_OF_SIGNAL_TRANSDUCTION_BY_GROWTH_FACTOR_RECEPTORS_AND_SECOND_MESSENGERS","logFC","time_index",0.0476190476190476,0.95,-0.693558462335865,0.739823919612768,80,0.910849168519584,"Spearman",8
"325","REACTOME_DISINHIBITION_OF_SNARE_FORMATION","logFC","time_index",0.952380952380953,0.95,0.741746438225775,0.992007880848522,3.99999999999999,0.00026040002438725,"Spearman",8
"326","REACTOME_DISORDERS_OF_TRANSMEMBRANE_TRANSPORTERS","logFC","time_index",-0.857142857142857,0.95,-0.975009179187399,-0.362741761851061,156,0.00653001725471529,"Spearman",8
"327","REACTOME_DISPLACEMENT_OF_DNA_GLYCOSYLASE_BY_APEX1","logFC","time_index",-0.5,0.95,-0.896036658541189,0.339147615348341,126,0.20703125,"Spearman",8
"328","REACTOME_DISSOLUTION_OF_FIBRIN_CLOT","logFC","time_index",0.642857142857143,0.95,-0.138510908918769,0.930949344815045,30,0.0855588910126731,"Spearman",8
"329","REACTOME_DNA_DAMAGE_BYPASS","logFC","time_index",-0.261904761904762,0.95,-0.824460431079162,0.560994230299003,106,0.530922861565801,"Spearman",8
"330","REACTOME_DNA_DAMAGE_RECOGNITION_IN_GG_NER","logFC","time_index",0.476190476190476,0.95,-0.366513175675711,0.889699256957141,44,0.232935534650098,"Spearman",8
"331","REACTOME_DNA_DAMAGE_REVERSAL","logFC","time_index",0.0952380952380952,0.95,-0.667880790009193,0.760737258941213,76,0.822505430203611,"Spearman",8
"332","REACTOME_DNA_DAMAGE_TELOMERE_STRESS_INDUCED_SENESCENCE","logFC","time_index",0.666666666666667,0.95,-0.0974064026422894,0.936297449114819,28,0.0709876543209875,"Spearman",8
"333","REACTOME_DNA_DOUBLE_STRAND_BREAK_REPAIR","logFC","time_index",0,0.95,-0.717481538866778,0.717481538866778,84,1,"Spearman",8
"334","REACTOME_DNA_DOUBLE_STRAND_BREAK_RESPONSE","logFC","time_index",-0.5,0.95,-0.896036658541189,0.339147615348341,126,0.20703125,"Spearman",8
"335","REACTOME_DNA_METHYLATION","logFC","time_index",0.261904761904762,0.95,-0.560994230299003,0.824460431079162,62,0.530922861565801,"Spearman",8
"336","REACTOME_DNA_REPAIR","logFC","time_index",0.261904761904762,0.95,-0.560994230299003,0.824460431079162,62,0.530922861565801,"Spearman",8
"337","REACTOME_DNA_REPLICATION","logFC","time_index",-0.761904761904762,0.95,-0.956508462065415,-0.0979893634330436,148,0.0280049391530719,"Spearman",8
"338","REACTOME_DNA_REPLICATION_INITIATION","logFC","time_index",-0.738095238095238,0.95,-0.951625002805919,-0.0438188176793302,146,0.0365527610528608,"Spearman",8
"339","REACTOME_DNA_REPLICATION_PRE_INITIATION","logFC","time_index",-0.833333333333333,0.95,-0.970532340947576,-0.288117791458932,154,0.0101755401234567,"Spearman",8
"340","REACTOME_DNA_STRAND_ELONGATION","logFC","time_index",-0.619047619047619,0.95,-0.925474715201005,0.177088868349271,136,0.101733037454265,"Spearman",8
"341","REACTOME_DOPAMINE_NEUROTRANSMITTER_RELEASE_CYCLE","logFC","time_index",-0.857142857142857,0.95,-0.975009179187399,-0.362741761851061,156,0.00653001725471529,"Spearman",8
"342","REACTOME_DOPAMINE_RECEPTORS","logFC","time_index",0,0.95,-0.717481538866778,0.717481538866778,84,1,"Spearman",8
"343","REACTOME_DOWNREGULATION_OF_ERBB2_ERBB3_SIGNALING","logFC","time_index",0.452380952380952,0.95,-0.39249447291592,0.883198389869668,46,0.260404767436885,"Spearman",8
"344","REACTOME_DOWNREGULATION_OF_ERBB2_SIGNALING","logFC","time_index",-0.119047619047619,0.95,-0.770700208881839,0.654322531330363,94,0.77888572605238,"Spearman",8
"345","REACTOME_DOWNREGULATION_OF_ERBB4_SIGNALING","logFC","time_index",0.80952380952381,0.95,0.219576117261057,0.965958746049703,16,0.0149026676862301,"Spearman",8
"346","REACTOME_DOWNREGULATION_OF_SMAD2_3_SMAD4_TRANSCRIPTIONAL_ACTIVITY","logFC","time_index",0.5,0.95,-0.339147615348341,0.896036658541189,42,0.20703125,"Spearman",8
"347","REACTOME_DOWNREGULATION_OF_TGF_BETA_RECEPTOR_SIGNALING","logFC","time_index",0.642857142857143,0.95,-0.138510908918769,0.930949344815045,30,0.0855588910126731,"Spearman",8
"348","REACTOME_DOWNSTREAM_SIGNAL_TRANSDUCTION","logFC","time_index",0.714285714285714,0.95,-0.00655536028441005,0.946631230365405,24,0.0465282322841672,"Spearman",8
"349","REACTOME_DOWNSTREAM_SIGNALING_EVENTS_OF_B_CELL_RECEPTOR_BCR_","logFC","time_index",-0.761904761904762,0.95,-0.956508462065415,-0.0979893634330436,148,0.0280049391530719,"Spearman",8
"350","REACTOME_DOWNSTREAM_SIGNALING_OF_ACTIVATED_FGFR1","logFC","time_index",0.619047619047619,0.95,-0.177088868349271,0.925474715201005,32,0.101733037454265,"Spearman",8
"351","REACTOME_DOWNSTREAM_SIGNALING_OF_ACTIVATED_FGFR2","logFC","time_index",0.547619047619048,0.95,-0.27979628705577,0.908245122495473,38,0.160025642538896,"Spearman",8
"352","REACTOME_DOWNSTREAM_SIGNALING_OF_ACTIVATED_FGFR3","logFC","time_index",0.714285714285714,0.95,-0.00655536028441005,0.946631230365405,24,0.0465282322841672,"Spearman",8
"353","REACTOME_DOWNSTREAM_SIGNALING_OF_ACTIVATED_FGFR4","logFC","time_index",0.619047619047619,0.95,-0.177088868349271,0.925474715201005,32,0.101733037454265,"Spearman",8
"354","REACTOME_DSCAM_INTERACTIONS","logFC","time_index",0.595238095238095,0.95,-0.213366281883462,0.919869016525818,34,0.119529806138793,"Spearman",8
"355","REACTOME_DUAL_INCISION_IN_GG_NER","logFC","time_index",0.0476190476190476,0.95,-0.693558462335865,0.739823919612768,80,0.910849168519584,"Spearman",8
"356","REACTOME_DUAL_INCISION_IN_TC_NER","logFC","time_index",-0.166666666666667,0.95,-0.78971400256287,0.625627578496279,98,0.693238811728395,"Spearman",8
"357","REACTOME_E2F_ENABLED_INHIBITION_OF_PRE_REPLICATION_COMPLEX_FORMATION","logFC","time_index",-0.428571428571429,0.95,-0.876527650057209,0.417193948725786,120,0.28940322484679,"Spearman",8
"358","REACTOME_E2F_MEDIATED_REGULATION_OF_DNA_REPLICATION","logFC","time_index",-0.404761904761905,0.95,-0.869680291013936,0.440704179922117,118,0.319888641228816,"Spearman",8
"359","REACTOME_E3_UBIQUITIN_LIGASES_UBIQUITINATE_TARGET_PROTEINS","logFC","time_index",0.547619047619048,0.95,-0.27979628705577,0.908245122495473,38,0.160025642538896,"Spearman",8
"360","REACTOME_EARLY_PHASE_OF_HIV_LIFE_CYCLE","logFC","time_index",-0.928571428571429,0.95,-0.987888913611396,-0.632446585771284,162,0.000862968182899974,"Spearman",8
"361","REACTOME_ECM_PROTEOGLYCANS","logFC","time_index",0.547619047619048,0.95,-0.27979628705577,0.908245122495473,38,0.160025642538896,"Spearman",8
"362","REACTOME_EFFECTS_OF_PIP2_HYDROLYSIS","logFC","time_index",-0.428571428571429,0.95,-0.876527650057209,0.417193948725786,120,0.28940322484679,"Spearman",8
"363","REACTOME_EGFR_DOWNREGULATION","logFC","time_index",-0.166666666666667,0.95,-0.78971400256287,0.625627578496279,98,0.693238811728395,"Spearman",8
"364","REACTOME_EGFR_INTERACTS_WITH_PHOSPHOLIPASE_C_GAMMA","logFC","time_index",-0.714285714285714,0.95,-0.946631230365405,0.00655536028441005,144,0.0465282322841671,"Spearman",8
"365","REACTOME_EGFR_TRANSACTIVATION_BY_GASTRIN","logFC","time_index",0.714285714285714,0.95,-0.00655536028441005,0.946631230365405,24,0.0465282322841672,"Spearman",8
"366","REACTOME_EGR2_AND_SOX10_MEDIATED_INITIATION_OF_SCHWANN_CELL_MYELINATION","logFC","time_index",-0.0714285714285714,0.95,-0.750450511180687,0.680950797892829,90,0.866526270675909,"Spearman",8
"367","REACTOME_EICOSANOID_LIGAND_BINDING_RECEPTORS","logFC","time_index",0.571428571428572,0.95,-0.247542976361256,0.914127484841395,36,0.138959957160707,"Spearman",8
"368","REACTOME_EICOSANOIDS","logFC","time_index",-0.785714285714286,0.95,-0.961285223464438,-0.156402242304734,150,0.0208151272535253,"Spearman",8
"369","REACTOME_ELASTIC_FIBRE_FORMATION","logFC","time_index",0.380952380952381,0.95,-0.463109038011872,0.862649204190628,52,0.351812553117565,"Spearman",8
"370","REACTOME_ELEVATION_OF_CYTOSOLIC_CA2_LEVELS","logFC","time_index",0.0238095238095238,0.95,-0.705727889635272,0.728840360218264,82,0.955374011815881,"Spearman",8
"371","REACTOME_ENDOGENOUS_STEROLS","logFC","time_index",-0.285714285714286,0.95,-0.832531299467683,0.54309985976455,108,0.492726245016957,"Spearman",8
"372","REACTOME_ENDOSOMAL_SORTING_COMPLEX_REQUIRED_FOR_TRANSPORT_ESCRT_","logFC","time_index",-0.142857142857143,0.95,-0.780354412477385,0.640248142039189,96,0.735764859879812,"Spearman",8
"373","REACTOME_ENDOSOMAL_VACUOLAR_PATHWAY","logFC","time_index",0.30952380952381,0.95,-0.524419581436004,0.840376529508442,58,0.455644890737582,"Spearman",8
"374","REACTOME_ENERGY_DEPENDENT_REGULATION_OF_MTOR_BY_LKB1_AMPK","logFC","time_index",-0.738095238095238,0.95,-0.951625002805919,-0.0438188176793302,146,0.0365527610528608,"Spearman",8
"375","REACTOME_ENOS_ACTIVATION","logFC","time_index",0.857142857142857,0.95,0.362741761851061,0.975009179187399,12,0.00653001725471527,"Spearman",8
"376","REACTOME_EPH_EPHRIN_MEDIATED_REPULSION_OF_CELLS","logFC","time_index",-0.261904761904762,0.95,-0.824460431079162,0.560994230299003,106,0.530922861565801,"Spearman",8
"377","REACTOME_EPH_EPHRIN_SIGNALING","logFC","time_index",0.0952380952380952,0.95,-0.667880790009193,0.760737258941213,76,0.822505430203611,"Spearman",8
"378","REACTOME_EPHA_MEDIATED_GROWTH_CONE_COLLAPSE","logFC","time_index",0.690476190476191,0.95,-0.0535187438915425,0.941523364223448,26,0.0579903181645727,"Spearman",8
"379","REACTOME_EPHB_MEDIATED_FORWARD_SIGNALING","logFC","time_index",-0.166666666666667,0.95,-0.78971400256287,0.625627578496279,98,0.693238811728395,"Spearman",8
"380","REACTOME_EPHRIN_SIGNALING","logFC","time_index",-0.142857142857143,0.95,-0.780354412477385,0.640248142039189,96,0.735764859879812,"Spearman",8
"381","REACTOME_EPIGENETIC_REGULATION_OF_GENE_EXPRESSION","logFC","time_index",0.404761904761905,0.95,-0.440704179922117,0.869680291013936,50,0.319888641228816,"Spearman",8
"382","REACTOME_ER_QUALITY_CONTROL_COMPARTMENT_ERQC_","logFC","time_index",-0.642857142857143,0.95,-0.930949344815045,0.138510908918769,138,0.0855588910126729,"Spearman",8
"383","REACTOME_ER_TO_GOLGI_ANTEROGRADE_TRANSPORT","logFC","time_index",-0.30952380952381,0.95,-0.840376529508442,0.524419581436004,110,0.455644890737582,"Spearman",8
"384","REACTOME_ERBB2_ACTIVATES_PTK6_SIGNALING","logFC","time_index",0.0238095238095238,0.95,-0.705727889635272,0.728840360218264,82,0.955374011815881,"Spearman",8
"385","REACTOME_ERBB2_REGULATES_CELL_MOTILITY","logFC","time_index",0.214285714285714,0.95,-0.594615624587475,0.807601688398822,66,0.610344415645267,"Spearman",8
"386","REACTOME_ERCC6_CSB_AND_EHMT2_G9A_POSITIVELY_REGULATE_RRNA_EXPRESSION","logFC","time_index",0.0476190476190476,0.95,-0.693558462335865,0.739823919612768,80,0.910849168519584,"Spearman",8
"387","REACTOME_ERK_MAPK_TARGETS","logFC","time_index",0.666666666666667,0.95,-0.0974064026422894,0.936297449114819,28,0.0709876543209875,"Spearman",8
"388","REACTOME_ERKS_ARE_INACTIVATED","logFC","time_index",0.30952380952381,0.95,-0.524419581436004,0.840376529508442,58,0.455644890737582,"Spearman",8
"389","REACTOME_ERYTHROCYTES_TAKE_UP_CARBON_DIOXIDE_AND_RELEASE_OXYGEN","logFC","time_index",0.0238095238095238,0.95,-0.705727889635272,0.728840360218264,82,0.955374011815881,"Spearman",8
"390","REACTOME_ERYTHROPOIETIN_ACTIVATES_PHOSPHOINOSITIDE_3_KINASE_PI3K_","logFC","time_index",0.30952380952381,0.95,-0.524419581436004,0.840376529508442,58,0.455644890737582,"Spearman",8
"391","REACTOME_ERYTHROPOIETIN_ACTIVATES_PHOSPHOLIPASE_C_GAMMA_PLCG_","logFC","time_index",0.547619047619048,0.95,-0.27979628705577,0.908245122495473,38,0.160025642538896,"Spearman",8
"392","REACTOME_ERYTHROPOIETIN_ACTIVATES_RAS","logFC","time_index",0.571428571428572,0.95,-0.247542976361256,0.914127484841395,36,0.138959957160707,"Spearman",8
"393","REACTOME_ERYTHROPOIETIN_ACTIVATES_STAT5","logFC","time_index",0.166666666666667,0.95,-0.625627578496279,0.78971400256287,70,0.693238811728395,"Spearman",8
"394","REACTOME_ESR_MEDIATED_SIGNALING","logFC","time_index",0.833333333333333,0.95,0.288117791458932,0.970532340947576,14,0.0101755401234568,"Spearman",8
"395","REACTOME_ESTABLISHMENT_OF_SISTER_CHROMATID_COHESION","logFC","time_index",0.428571428571429,0.95,-0.417193948725786,0.876527650057209,48,0.28940322484679,"Spearman",8
"396","REACTOME_ESTROGEN_BIOSYNTHESIS","logFC","time_index",-0.357142857142857,0.95,-0.855426894378632,0.484484688927055,114,0.385120643556256,"Spearman",8
"397","REACTOME_ESTROGEN_DEPENDENT_GENE_EXPRESSION","logFC","time_index",0.547619047619048,0.95,-0.27979628705577,0.908245122495473,38,0.160025642538896,"Spearman",8
"398","REACTOME_ESTROGEN_DEPENDENT_NUCLEAR_EVENTS_DOWNSTREAM_OF_ESR_MEMBRANE_SIGNALING","logFC","time_index",-0.214285714285714,0.95,-0.807601688398822,0.594615624587475,102,0.610344415645267,"Spearman",8
"399","REACTOME_ESTROGEN_STIMULATED_SIGNALING_THROUGH_PRKCZ","logFC","time_index",-0.380952380952381,0.95,-0.862649204190628,0.463109038011872,116,0.351812553117565,"Spearman",8
"400","REACTOME_ETHANOL_OXIDATION","logFC","time_index",0.547619047619048,0.95,-0.27979628705577,0.908245122495473,38,0.160025642538896,"Spearman",8
"401","REACTOME_EUKARYOTIC_TRANSLATION_ELONGATION","logFC","time_index",0.738095238095238,0.95,0.0438188176793302,0.951625002805919,22,0.0365527610528607,"Spearman",8
"402","REACTOME_EUKARYOTIC_TRANSLATION_INITIATION","logFC","time_index",0.642857142857143,0.95,-0.138510908918769,0.930949344815045,30,0.0855588910126731,"Spearman",8
"403","REACTOME_EXPORT_OF_VIRAL_RIBONUCLEOPROTEINS_FROM_NUCLEUS","logFC","time_index",0.333333333333333,0.95,-0.504900458079174,0.848005453057694,56,0.419753086419753,"Spearman",8
"404","REACTOME_EXTENSION_OF_TELOMERES","logFC","time_index",-0.0476190476190476,0.95,-0.739823919612768,0.693558462335865,88,0.910849168519584,"Spearman",8
"405","REACTOME_EXTRA_NUCLEAR_ESTROGEN_SIGNALING","logFC","time_index",0.333333333333333,0.95,-0.504900458079174,0.848005453057694,56,0.419753086419753,"Spearman",8
"406","REACTOME_EXTRACELLULAR_MATRIX_ORGANIZATION","logFC","time_index",0.642857142857143,0.95,-0.138510908918769,0.930949344815045,30,0.0855588910126731,"Spearman",8
"407","REACTOME_FACTORS_INVOLVED_IN_MEGAKARYOCYTE_DEVELOPMENT_AND_PLATELET_PRODUCTION","logFC","time_index",-0.166666666666667,0.95,-0.78971400256287,0.625627578496279,98,0.693238811728395,"Spearman",8
"408","REACTOME_FANCONI_ANEMIA_PATHWAY","logFC","time_index",-0.333333333333333,0.95,-0.848005453057694,0.504900458079174,112,0.419753086419753,"Spearman",8
"409","REACTOME_FATTY_ACID_METABOLISM","logFC","time_index",-0.714285714285714,0.95,-0.946631230365405,0.00655536028441005,144,0.0465282322841671,"Spearman",8
"410","REACTOME_FATTY_ACIDS","logFC","time_index",-0.904761904761905,0.95,-0.983684612861427,-0.533790356386143,160,0.00200827550542945,"Spearman",8
"411","REACTOME_FATTY_ACIDS_BOUND_TO_GPR40_FFAR1_REGULATE_INSULIN_SECRETION","logFC","time_index",-0.0714285714285714,0.95,-0.750450511180687,0.680950797892829,90,0.866526270675909,"Spearman",8
"412","REACTOME_FATTY_ACYL_COA_BIOSYNTHESIS","logFC","time_index",0.595238095238095,0.95,-0.213366281883462,0.919869016525818,34,0.119529806138793,"Spearman",8
"413","REACTOME_FBXW7_MUTANTS_AND_NOTCH1_IN_CANCER","logFC","time_index",-0.238095238095238,0.95,-0.816154047863564,0.578151267742396,104,0.570156320815768,"Spearman",8
"414","REACTOME_FC_EPSILON_RECEPTOR_FCERI_SIGNALING","logFC","time_index",-0.523809523809524,0.95,-0.902216683622693,0.310284135497842,128,0.182720750539715,"Spearman",8
"415","REACTOME_FCERI_MEDIATED_CA_2_MOBILIZATION","logFC","time_index",0.333333333333333,0.95,-0.504900458079174,0.848005453057694,56,0.419753086419753,"Spearman",8
"416","REACTOME_FCERI_MEDIATED_MAPK_ACTIVATION","logFC","time_index",0.571428571428572,0.95,-0.247542976361256,0.914127484841395,36,0.138959957160707,"Spearman",8
"417","REACTOME_FCERI_MEDIATED_NF_KB_ACTIVATION","logFC","time_index",-0.761904761904762,0.95,-0.956508462065415,-0.0979893634330436,148,0.0280049391530719,"Spearman",8
"418","REACTOME_FCGAMMA_RECEPTOR_FCGR_DEPENDENT_PHAGOCYTOSIS","logFC","time_index",-0.0238095238095238,0.95,-0.728840360218264,0.705727889635272,86,0.955374011815881,"Spearman",8
"419","REACTOME_FCGR_ACTIVATION","logFC","time_index",0.690476190476191,0.95,-0.0535187438915425,0.941523364223448,26,0.0579903181645727,"Spearman",8
"420","REACTOME_FCGR3A_MEDIATED_IL10_SYNTHESIS","logFC","time_index",0.761904761904762,0.95,0.0979893634330436,0.956508462065415,20,0.0280049391530718,"Spearman",8
"421","REACTOME_FERTILIZATION","logFC","time_index",0.238095238095238,0.95,-0.578151267742396,0.816154047863564,64,0.570156320815768,"Spearman",8
"422","REACTOME_FGFR1_LIGAND_BINDING_AND_ACTIVATION","logFC","time_index",0.714285714285714,0.95,-0.00655536028441005,0.946631230365405,24,0.0465282322841672,"Spearman",8
"423","REACTOME_FGFR1_MUTANT_RECEPTOR_ACTIVATION","logFC","time_index",0.785714285714286,0.95,0.156402242304734,0.961285223464438,18,0.0208151272535253,"Spearman",8
"424","REACTOME_FGFR1B_LIGAND_BINDING_AND_ACTIVATION","logFC","time_index",0.738095238095238,0.95,0.0438188176793302,0.951625002805919,22,0.0365527610528607,"Spearman",8
"425","REACTOME_FGFR1C_LIGAND_BINDING_AND_ACTIVATION","logFC","time_index",0.595238095238095,0.95,-0.213366281883462,0.919869016525818,34,0.119529806138793,"Spearman",8
"426","REACTOME_FGFR2_ALTERNATIVE_SPLICING","logFC","time_index",0.142857142857143,0.95,-0.640248142039189,0.780354412477385,72,0.735764859879812,"Spearman",8
"427","REACTOME_FGFR2_LIGAND_BINDING_AND_ACTIVATION","logFC","time_index",0.666666666666667,0.95,-0.0974064026422894,0.936297449114819,28,0.0709876543209875,"Spearman",8
"428","REACTOME_FGFR2_MUTANT_RECEPTOR_ACTIVATION","logFC","time_index",0.428571428571429,0.95,-0.417193948725786,0.876527650057209,48,0.28940322484679,"Spearman",8
"429","REACTOME_FGFR2B_LIGAND_BINDING_AND_ACTIVATION","logFC","time_index",0.523809523809524,0.95,-0.310284135497842,0.902216683622693,40,0.182720750539715,"Spearman",8
"430","REACTOME_FGFR2C_LIGAND_BINDING_AND_ACTIVATION","logFC","time_index",0.547619047619048,0.95,-0.27979628705577,0.908245122495473,38,0.160025642538896,"Spearman",8
"431","REACTOME_FGFR3_LIGAND_BINDING_AND_ACTIVATION","logFC","time_index",0.738095238095238,0.95,0.0438188176793302,0.951625002805919,22,0.0365527610528607,"Spearman",8
"432","REACTOME_FGFR3B_LIGAND_BINDING_AND_ACTIVATION","logFC","time_index",0.857142857142857,0.95,0.362741761851061,0.975009179187399,12,0.00653001725471527,"Spearman",8
"433","REACTOME_FGFRL1_MODULATION_OF_FGFR1_SIGNALING","logFC","time_index",0.595238095238095,0.95,-0.213366281883462,0.919869016525818,34,0.119529806138793,"Spearman",8
"434","REACTOME_FIBRONECTIN_MATRIX_FORMATION","logFC","time_index",0.595238095238095,0.95,-0.213366281883462,0.919869016525818,34,0.119529806138793,"Spearman",8
"435","REACTOME_FLT3_SIGNALING","logFC","time_index",-0.476190476190476,0.95,-0.889699256957141,0.366513175675711,124,0.232935534650098,"Spearman",8
"436","REACTOME_FOLDING_OF_ACTIN_BY_CCT_TRIC","logFC","time_index",-0.547619047619048,0.95,-0.908245122495473,0.27979628705577,130,0.160025642538896,"Spearman",8
"437","REACTOME_FORMATION_OF_FIBRIN_CLOT_CLOTTING_CASCADE_","logFC","time_index",0.428571428571429,0.95,-0.417193948725786,0.876527650057209,48,0.28940322484679,"Spearman",8
"438","REACTOME_FORMATION_OF_INCISION_COMPLEX_IN_GG_NER","logFC","time_index",-0.0952380952380952,0.95,-0.760737258941213,0.667880790009193,92,0.822505430203611,"Spearman",8
"439","REACTOME_FORMATION_OF_RNA_POL_II_ELONGATION_COMPLEX_","logFC","time_index",-0.142857142857143,0.95,-0.780354412477385,0.640248142039189,96,0.735764859879812,"Spearman",8
"440","REACTOME_FORMATION_OF_SENESCENCE_ASSOCIATED_HETEROCHROMATIN_FOCI_SAHF_","logFC","time_index",0.714285714285714,0.95,-0.00655536028441005,0.946631230365405,24,0.0465282322841672,"Spearman",8
"441","REACTOME_FORMATION_OF_TC_NER_PRE_INCISION_COMPLEX","logFC","time_index",0.214285714285714,0.95,-0.594615624587475,0.807601688398822,66,0.610344415645267,"Spearman",8
"442","REACTOME_FORMATION_OF_THE_BETA_CATENIN_TCF_TRANSACTIVATING_COMPLEX","logFC","time_index",0.547619047619048,0.95,-0.27979628705577,0.908245122495473,38,0.160025642538896,"Spearman",8
"443","REACTOME_FORMATION_OF_THE_CORNIFIED_ENVELOPE","logFC","time_index",0.547619047619048,0.95,-0.27979628705577,0.908245122495473,38,0.160025642538896,"Spearman",8
"444","REACTOME_FORMATION_OF_THE_EARLY_ELONGATION_COMPLEX","logFC","time_index",-0.452380952380952,0.95,-0.883198389869668,0.39249447291592,122,0.260404767436885,"Spearman",8
"445","REACTOME_FORMATION_OF_TUBULIN_FOLDING_INTERMEDIATES_BY_CCT_TRIC","logFC","time_index",-0.761904761904762,0.95,-0.956508462065415,-0.0979893634330436,148,0.0280049391530719,"Spearman",8
"446","REACTOME_FORMATION_OF_XYLULOSE_5_PHOSPHATE","logFC","time_index",0.547619047619048,0.95,-0.27979628705577,0.908245122495473,38,0.160025642538896,"Spearman",8
"447","REACTOME_FORMYL_PEPTIDE_RECEPTORS_BIND_FORMYL_PEPTIDES_AND_MANY_OTHER_LIGANDS","logFC","time_index",-0.547619047619048,0.95,-0.908245122495473,0.27979628705577,130,0.160025642538896,"Spearman",8
"448","REACTOME_FOXO_MEDIATED_TRANSCRIPTION","logFC","time_index",0.666666666666667,0.95,-0.0974064026422894,0.936297449114819,28,0.0709876543209875,"Spearman",8
"449","REACTOME_FOXO_MEDIATED_TRANSCRIPTION_OF_CELL_CYCLE_GENES","logFC","time_index",0.785714285714286,0.95,0.156402242304734,0.961285223464438,18,0.0208151272535253,"Spearman",8
"450","REACTOME_FOXO_MEDIATED_TRANSCRIPTION_OF_CELL_DEATH_GENES","logFC","time_index",0.642857142857143,0.95,-0.138510908918769,0.930949344815045,30,0.0855588910126731,"Spearman",8
"451","REACTOME_FOXO_MEDIATED_TRANSCRIPTION_OF_OXIDATIVE_STRESS_METABOLIC_AND_NEURONAL_GENES","logFC","time_index",0.119047619047619,0.95,-0.654322531330363,0.770700208881839,74,0.77888572605238,"Spearman",8
"452","REACTOME_FREE_FATTY_ACIDS_REGULATE_INSULIN_SECRETION","logFC","time_index",0.452380952380952,0.95,-0.39249447291592,0.883198389869668,46,0.260404767436885,"Spearman",8
"453","REACTOME_FRS_MEDIATED_FGFR1_SIGNALING","logFC","time_index",0.714285714285714,0.95,-0.00655536028441005,0.946631230365405,24,0.0465282322841672,"Spearman",8
"454","REACTOME_FRS_MEDIATED_FGFR2_SIGNALING","logFC","time_index",0.714285714285714,0.95,-0.00655536028441005,0.946631230365405,24,0.0465282322841672,"Spearman",8
"455","REACTOME_FRS_MEDIATED_FGFR3_SIGNALING","logFC","time_index",0.80952380952381,0.95,0.219576117261057,0.965958746049703,16,0.0149026676862301,"Spearman",8
"456","REACTOME_FRS_MEDIATED_FGFR4_SIGNALING","logFC","time_index",0.761904761904762,0.95,0.0979893634330436,0.956508462065415,20,0.0280049391530718,"Spearman",8
"457","REACTOME_FRUCTOSE_METABOLISM","logFC","time_index",-0.0238095238095238,0.95,-0.728840360218264,0.705727889635272,86,0.955374011815881,"Spearman",8
"458","REACTOME_G_ALPHA_12_13_SIGNALLING_EVENTS","logFC","time_index",0.619047619047619,0.95,-0.177088868349271,0.925474715201005,32,0.101733037454265,"Spearman",8
"459","REACTOME_G_ALPHA_I_SIGNALLING_EVENTS","logFC","time_index",-0.142857142857143,0.95,-0.780354412477385,0.640248142039189,96,0.735764859879812,"Spearman",8
"460","REACTOME_G_ALPHA_Q_SIGNALLING_EVENTS","logFC","time_index",0.0952380952380952,0.95,-0.667880790009193,0.760737258941213,76,0.822505430203611,"Spearman",8
"461","REACTOME_G_ALPHA_S_SIGNALLING_EVENTS","logFC","time_index",-0.0238095238095238,0.95,-0.728840360218264,0.705727889635272,86,0.955374011815881,"Spearman",8
"462","REACTOME_G_ALPHA_Z_SIGNALLING_EVENTS","logFC","time_index",0.333333333333333,0.95,-0.504900458079174,0.848005453057694,56,0.419753086419753,"Spearman",8
"463","REACTOME_G_BETA_GAMMA_SIGNALLING_THROUGH_CDC42","logFC","time_index",-0.238095238095238,0.95,-0.816154047863564,0.578151267742396,104,0.570156320815768,"Spearman",8
"464","REACTOME_G_BETA_GAMMA_SIGNALLING_THROUGH_PI3KGAMMA","logFC","time_index",-0.380952380952381,0.95,-0.862649204190628,0.463109038011872,116,0.351812553117565,"Spearman",8
"465","REACTOME_G_PROTEIN_ACTIVATION","logFC","time_index",-0.0238095238095238,0.95,-0.728840360218264,0.705727889635272,86,0.955374011815881,"Spearman",8
"466","REACTOME_G_PROTEIN_BETA_GAMMA_SIGNALLING","logFC","time_index",-0.0238095238095238,0.95,-0.728840360218264,0.705727889635272,86,0.955374011815881,"Spearman",8
"467","REACTOME_G_PROTEIN_MEDIATED_EVENTS","logFC","time_index",0.642857142857143,0.95,-0.138510908918769,0.930949344815045,30,0.0855588910126731,"Spearman",8
"468","REACTOME_G0_AND_EARLY_G1","logFC","time_index",-0.928571428571429,0.95,-0.987888913611396,-0.632446585771284,162,0.000862968182899974,"Spearman",8
"469","REACTOME_G1_S_DNA_DAMAGE_CHECKPOINTS","logFC","time_index",-0.80952380952381,0.95,-0.965958746049703,-0.219576117261057,152,0.0149026676862301,"Spearman",8
"470","REACTOME_G1_S_SPECIFIC_TRANSCRIPTION","logFC","time_index",-0.785714285714286,0.95,-0.961285223464438,-0.156402242304734,150,0.0208151272535253,"Spearman",8
"471","REACTOME_G2_M_CHECKPOINTS","logFC","time_index",-0.761904761904762,0.95,-0.956508462065415,-0.0979893634330436,148,0.0280049391530719,"Spearman",8
"472","REACTOME_G2_M_DNA_DAMAGE_CHECKPOINT","logFC","time_index",-0.30952380952381,0.95,-0.840376529508442,0.524419581436004,110,0.455644890737582,"Spearman",8
"473","REACTOME_GAB1_SIGNALOSOME","logFC","time_index",0.119047619047619,0.95,-0.654322531330363,0.770700208881839,74,0.77888572605238,"Spearman",8
"474","REACTOME_GABA_B_RECEPTOR_ACTIVATION","logFC","time_index",0.571428571428572,0.95,-0.247542976361256,0.914127484841395,36,0.138959957160707,"Spearman",8
"475","REACTOME_GABA_RECEPTOR_ACTIVATION","logFC","time_index",0.142857142857143,0.95,-0.640248142039189,0.780354412477385,72,0.735764859879812,"Spearman",8
"476","REACTOME_GABA_SYNTHESIS_RELEASE_REUPTAKE_AND_DEGRADATION","logFC","time_index",-0.880952380952381,0.95,-0.979392299033486,-0.444295219960863,158,0.00385032046373241,"Spearman",8
"477","REACTOME_GALACTOSE_CATABOLISM","logFC","time_index",0.761904761904762,0.95,0.0979893634330436,0.956508462065415,20,0.0280049391530718,"Spearman",8
"478","REACTOME_GAMMA_CARBOXYLATION_HYPUSINE_FORMATION_AND_ARYLSULFATASE_ACTIVATION","logFC","time_index",0.571428571428572,0.95,-0.247542976361256,0.914127484841395,36,0.138959957160707,"Spearman",8
"479","REACTOME_GAMMA_CARBOXYLATION_TRANSPORT_AND_AMINO_TERMINAL_CLEAVAGE_OF_PROTEINS","logFC","time_index",0.261904761904762,0.95,-0.560994230299003,0.824460431079162,62,0.530922861565801,"Spearman",8
"480","REACTOME_GAP_FILLING_DNA_REPAIR_SYNTHESIS_AND_LIGATION_IN_GG_NER","logFC","time_index",0.166666666666667,0.95,-0.625627578496279,0.78971400256287,70,0.693238811728395,"Spearman",8
"481","REACTOME_GAP_JUNCTION_ASSEMBLY","logFC","time_index",-0.642857142857143,0.95,-0.930949344815045,0.138510908918769,138,0.0855588910126729,"Spearman",8
"482","REACTOME_GAP_JUNCTION_DEGRADATION","logFC","time_index",-0.30952380952381,0.95,-0.840376529508442,0.524419581436004,110,0.455644890737582,"Spearman",8
"483","REACTOME_GAP_JUNCTION_TRAFFICKING_AND_REGULATION","logFC","time_index",-0.19047619047619,0.95,-0.798792262364635,0.610428419161659,100,0.651401495702482,"Spearman",8
"484","REACTOME_GASTRIN_CREB_SIGNALLING_PATHWAY_VIA_PKC_AND_MAPK","logFC","time_index",0.833333333333333,0.95,0.288117791458932,0.970532340947576,14,0.0101755401234568,"Spearman",8
"485","REACTOME_GENE_AND_PROTEIN_EXPRESSION_BY_JAK_STAT_SIGNALING_AFTER_INTERLEUKIN_12_STIMULATION","logFC","time_index",0.452380952380952,0.95,-0.39249447291592,0.883198389869668,46,0.260404767436885,"Spearman",8
"486","REACTOME_GENE_SILENCING_BY_RNA","logFC","time_index",0.19047619047619,0.95,-0.610428419161659,0.798792262364635,68,0.651401495702482,"Spearman",8
"487","REACTOME_GENERATION_OF_SECOND_MESSENGER_MOLECULES","logFC","time_index",0.571428571428572,0.95,-0.247542976361256,0.914127484841395,36,0.138959957160707,"Spearman",8
"488","REACTOME_GENOME_REPLICATION_AND_TRANSCRIPTION","logFC","time_index",-0.690476190476191,0.95,-0.941523364223448,0.0535187438915425,142,0.0579903181645726,"Spearman",8
"489","REACTOME_GLI_PROTEINS_BIND_PROMOTERS_OF_HH_RESPONSIVE_GENES_TO_PROMOTE_TRANSCRIPTION","logFC","time_index",0,0.95,-0.717481538866778,0.717481538866778,84,1,"Spearman",8
"490","REACTOME_GLOBAL_GENOME_NUCLEOTIDE_EXCISION_REPAIR_GG_NER_","logFC","time_index",0.380952380952381,0.95,-0.463109038011872,0.862649204190628,52,0.351812553117565,"Spearman",8
"491","REACTOME_GLUCAGON_LIKE_PEPTIDE_1_GLP1_REGULATES_INSULIN_SECRETION","logFC","time_index",0.119047619047619,0.95,-0.654322531330363,0.770700208881839,74,0.77888572605238,"Spearman",8
"492","REACTOME_GLUCAGON_SIGNALING_IN_METABOLIC_REGULATION","logFC","time_index",0.666666666666667,0.95,-0.0974064026422894,0.936297449114819,28,0.0709876543209875,"Spearman",8
"493","REACTOME_GLUCAGON_TYPE_LIGAND_RECEPTORS","logFC","time_index",-0.333333333333333,0.95,-0.848005453057694,0.504900458079174,112,0.419753086419753,"Spearman",8
"494","REACTOME_GLUCOCORTICOID_BIOSYNTHESIS","logFC","time_index",0.333333333333333,0.95,-0.504900458079174,0.848005453057694,56,0.419753086419753,"Spearman",8
"495","REACTOME_GLUCONEOGENESIS","logFC","time_index",-0.833333333333333,0.95,-0.970532340947576,-0.288117791458932,154,0.0101755401234567,"Spearman",8
"496","REACTOME_GLUCOSE_METABOLISM","logFC","time_index",-0.666666666666667,0.95,-0.936297449114819,0.0974064026422894,140,0.0709876543209875,"Spearman",8
"497","REACTOME_GLUCURONIDATION","logFC","time_index",0.690476190476191,0.95,-0.0535187438915425,0.941523364223448,26,0.0579903181645727,"Spearman",8
"498","REACTOME_GLUTAMATE_AND_GLUTAMINE_METABOLISM","logFC","time_index",-0.761904761904762,0.95,-0.956508462065415,-0.0979893634330436,148,0.0280049391530719,"Spearman",8
"499","REACTOME_GLUTAMATE_NEUROTRANSMITTER_RELEASE_CYCLE","logFC","time_index",-0.761904761904762,0.95,-0.956508462065415,-0.0979893634330436,148,0.0280049391530719,"Spearman",8
"500","REACTOME_GLUTATHIONE_CONJUGATION","logFC","time_index",-0.238095238095238,0.95,-0.816154047863564,0.578151267742396,104,0.570156320815768,"Spearman",8
"501","REACTOME_GLUTATHIONE_SYNTHESIS_AND_RECYCLING","logFC","time_index",-0.904761904761905,0.95,-0.983684612861427,-0.533790356386143,160,0.00200827550542945,"Spearman",8
"502","REACTOME_GLYCEROPHOSPHOLIPID_BIOSYNTHESIS","logFC","time_index",0.30952380952381,0.95,-0.524419581436004,0.840376529508442,58,0.455644890737582,"Spearman",8
"503","REACTOME_GLYCEROPHOSPHOLIPID_CATABOLISM","logFC","time_index",-0.476190476190476,0.95,-0.889699256957141,0.366513175675711,124,0.232935534650098,"Spearman",8
"504","REACTOME_GLYCOGEN_BREAKDOWN_GLYCOGENOLYSIS_","logFC","time_index",-0.142857142857143,0.95,-0.780354412477385,0.640248142039189,96,0.735764859879812,"Spearman",8
"505","REACTOME_GLYCOGEN_METABOLISM","logFC","time_index",-0.261904761904762,0.95,-0.824460431079162,0.560994230299003,106,0.530922861565801,"Spearman",8
"506","REACTOME_GLYCOGEN_STORAGE_DISEASES","logFC","time_index",0.261904761904762,0.95,-0.560994230299003,0.824460431079162,62,0.530922861565801,"Spearman",8
"507","REACTOME_GLYCOGEN_SYNTHESIS","logFC","time_index",0.690476190476191,0.95,-0.0535187438915425,0.941523364223448,26,0.0579903181645727,"Spearman",8
"508","REACTOME_GLYCOLYSIS","logFC","time_index",-0.619047619047619,0.95,-0.925474715201005,0.177088868349271,136,0.101733037454265,"Spearman",8
"509","REACTOME_GLYCOSAMINOGLYCAN_METABOLISM","logFC","time_index",0.380952380952381,0.95,-0.463109038011872,0.862649204190628,52,0.351812553117565,"Spearman",8
"510","REACTOME_GLYCOSPHINGOLIPID_METABOLISM","logFC","time_index",0.547619047619048,0.95,-0.27979628705577,0.908245122495473,38,0.160025642538896,"Spearman",8
"511","REACTOME_GLYOXYLATE_METABOLISM_AND_GLYCINE_DEGRADATION","logFC","time_index",0.523809523809524,0.95,-0.310284135497842,0.902216683622693,40,0.182720750539715,"Spearman",8
"512","REACTOME_GOLGI_ASSOCIATED_VESICLE_BIOGENESIS","logFC","time_index",0.380952380952381,0.95,-0.463109038011872,0.862649204190628,52,0.351812553117565,"Spearman",8
"513","REACTOME_GOLGI_CISTERNAE_PERICENTRIOLAR_STACK_REORGANIZATION","logFC","time_index",-0.833333333333333,0.95,-0.970532340947576,-0.288117791458932,154,0.0101755401234567,"Spearman",8
"514","REACTOME_GOLGI_TO_ER_RETROGRADE_TRANSPORT","logFC","time_index",-0.30952380952381,0.95,-0.840376529508442,0.524419581436004,110,0.455644890737582,"Spearman",8
"515","REACTOME_GP1B_IX_V_ACTIVATION_SIGNALLING","logFC","time_index",0.428571428571429,0.95,-0.417193948725786,0.876527650057209,48,0.28940322484679,"Spearman",8
"516","REACTOME_GPCR_LIGAND_BINDING","logFC","time_index",-0.452380952380952,0.95,-0.883198389869668,0.39249447291592,122,0.260404767436885,"Spearman",8
"517","REACTOME_GPVI_MEDIATED_ACTIVATION_CASCADE","logFC","time_index",0.523809523809524,0.95,-0.310284135497842,0.902216683622693,40,0.182720750539715,"Spearman",8
"518","REACTOME_GRB2_EVENTS_IN_ERBB2_SIGNALING","logFC","time_index",0.238095238095238,0.95,-0.578151267742396,0.816154047863564,64,0.570156320815768,"Spearman",8
"519","REACTOME_GRB2_SOS_PROVIDES_LINKAGE_TO_MAPK_SIGNALING_FOR_INTEGRINS_","logFC","time_index",0.976190476190476,0.95,0.863510571894565,0.996044086457945,1.99999999999999,3.3143960262001e-05,"Spearman",8
"520","REACTOME_GRB7_EVENTS_IN_ERBB2_SIGNALING","logFC","time_index",0.571428571428572,0.95,-0.247542976361256,0.914127484841395,36,0.138959957160707,"Spearman",8
"521","REACTOME_GROWTH_HORMONE_RECEPTOR_SIGNALING","logFC","time_index",0.714285714285714,0.95,-0.00655536028441005,0.946631230365405,24,0.0465282322841672,"Spearman",8
"522","REACTOME_HATS_ACETYLATE_HISTONES","logFC","time_index",0.904761904761905,0.95,0.533790356386143,0.983684612861427,7.99999999999998,0.00200827550542945,"Spearman",8
"523","REACTOME_HCMV_EARLY_EVENTS","logFC","time_index",0.571428571428572,0.95,-0.247542976361256,0.914127484841395,36,0.138959957160707,"Spearman",8
"524","REACTOME_HCMV_INFECTION","logFC","time_index",0.404761904761905,0.95,-0.440704179922117,0.869680291013936,50,0.319888641228816,"Spearman",8
"525","REACTOME_HCMV_LATE_EVENTS","logFC","time_index",0.142857142857143,0.95,-0.640248142039189,0.780354412477385,72,0.735764859879812,"Spearman",8
"526","REACTOME_HDACS_DEACETYLATE_HISTONES","logFC","time_index",0.404761904761905,0.95,-0.440704179922117,0.869680291013936,50,0.319888641228816,"Spearman",8
"527","REACTOME_HDL_ASSEMBLY","logFC","time_index",-0.285714285714286,0.95,-0.832531299467683,0.54309985976455,108,0.492726245016957,"Spearman",8
"528","REACTOME_HDL_CLEARANCE","logFC","time_index",-0.428571428571429,0.95,-0.876527650057209,0.417193948725786,120,0.28940322484679,"Spearman",8
"529","REACTOME_HDL_REMODELING","logFC","time_index",-0.80952380952381,0.95,-0.965958746049703,-0.219576117261057,152,0.0149026676862301,"Spearman",8
"530","REACTOME_HDMS_DEMETHYLATE_HISTONES","logFC","time_index",0.880952380952381,0.95,0.444295219960863,0.979392299033486,9.99999999999999,0.0038503204637324,"Spearman",8
"531","REACTOME_HDR_THROUGH_HOMOLOGOUS_RECOMBINATION_HRR_","logFC","time_index",0.166666666666667,0.95,-0.625627578496279,0.78971400256287,70,0.693238811728395,"Spearman",8
"532","REACTOME_HDR_THROUGH_MMEJ_ALT_NHEJ_","logFC","time_index",0.30952380952381,0.95,-0.524419581436004,0.840376529508442,58,0.455644890737582,"Spearman",8
"533","REACTOME_HDR_THROUGH_SINGLE_STRAND_ANNEALING_SSA_","logFC","time_index",-0.0238095238095238,0.95,-0.728840360218264,0.705727889635272,86,0.955374011815881,"Spearman",8
"534","REACTOME_HEDGEHOG_LIGAND_BIOGENESIS","logFC","time_index",-0.857142857142857,0.95,-0.975009179187399,-0.362741761851061,156,0.00653001725471529,"Spearman",8
"535","REACTOME_HEDGEHOG_OFF_STATE","logFC","time_index",-0.761904761904762,0.95,-0.956508462065415,-0.0979893634330436,148,0.0280049391530719,"Spearman",8
"536","REACTOME_HEDGEHOG_ON_STATE","logFC","time_index",-0.761904761904762,0.95,-0.956508462065415,-0.0979893634330436,148,0.0280049391530719,"Spearman",8
"537","REACTOME_HEME_BIOSYNTHESIS","logFC","time_index",-0.571428571428572,0.95,-0.914127484841395,0.247542976361256,132,0.138959957160706,"Spearman",8
"538","REACTOME_HEME_DEGRADATION","logFC","time_index",-0.642857142857143,0.95,-0.930949344815045,0.138510908918769,138,0.0855588910126729,"Spearman",8
"539","REACTOME_HEMOSTASIS","logFC","time_index",0.571428571428572,0.95,-0.247542976361256,0.914127484841395,36,0.138959957160707,"Spearman",8
"540","REACTOME_HEPARAN_SULFATE_HEPARIN_HS_GAG_METABOLISM","logFC","time_index",0.452380952380952,0.95,-0.39249447291592,0.883198389869668,46,0.260404767436885,"Spearman",8
"541","REACTOME_HIGHLY_CALCIUM_PERMEABLE_NICOTINIC_ACETYLCHOLINE_RECEPTORS","logFC","time_index",0.238095238095238,0.95,-0.578151267742396,0.816154047863564,64,0.570156320815768,"Spearman",8
"542","REACTOME_HIGHLY_CALCIUM_PERMEABLE_POSTSYNAPTIC_NICOTINIC_ACETYLCHOLINE_RECEPTORS","logFC","time_index",0.523809523809524,0.95,-0.310284135497842,0.902216683622693,40,0.182720750539715,"Spearman",8
"543","REACTOME_HIGHLY_SODIUM_PERMEABLE_POSTSYNAPTIC_ACETYLCHOLINE_NICOTINIC_RECEPTORS","logFC","time_index",-0.476190476190476,0.95,-0.889699256957141,0.366513175675711,124,0.232935534650098,"Spearman",8
"544","REACTOME_HISTIDINE_CATABOLISM","logFC","time_index",0.80952380952381,0.95,0.219576117261057,0.965958746049703,16,0.0149026676862301,"Spearman",8
"545","REACTOME_HIV_ELONGATION_ARREST_AND_RECOVERY","logFC","time_index",0.19047619047619,0.95,-0.610428419161659,0.798792262364635,68,0.651401495702482,"Spearman",8
"546","REACTOME_HIV_INFECTION","logFC","time_index",-0.80952380952381,0.95,-0.965958746049703,-0.219576117261057,152,0.0149026676862301,"Spearman",8
"547","REACTOME_HIV_LIFE_CYCLE","logFC","time_index",-0.19047619047619,0.95,-0.798792262364635,0.610428419161659,100,0.651401495702482,"Spearman",8
"548","REACTOME_HIV_TRANSCRIPTION_ELONGATION","logFC","time_index",-0.0952380952380952,0.95,-0.760737258941213,0.667880790009193,92,0.822505430203611,"Spearman",8
"549","REACTOME_HIV_TRANSCRIPTION_INITIATION","logFC","time_index",-0.0952380952380952,0.95,-0.760737258941213,0.667880790009193,92,0.822505430203611,"Spearman",8
"550","REACTOME_HOMOLOGOUS_DNA_PAIRING_AND_STRAND_EXCHANGE","logFC","time_index",-0.214285714285714,0.95,-0.807601688398822,0.594615624587475,102,0.610344415645267,"Spearman",8
"551","REACTOME_HOMOLOGY_DIRECTED_REPAIR","logFC","time_index",0.0238095238095238,0.95,-0.705727889635272,0.728840360218264,82,0.955374011815881,"Spearman",8
"552","REACTOME_HORMONE_LIGAND_BINDING_RECEPTORS","logFC","time_index",-0.80952380952381,0.95,-0.965958746049703,-0.219576117261057,152,0.0149026676862301,"Spearman",8
"553","REACTOME_HOST_INTERACTIONS_OF_HIV_FACTORS","logFC","time_index",-0.833333333333333,0.95,-0.970532340947576,-0.288117791458932,154,0.0101755401234567,"Spearman",8
"554","REACTOME_HS_GAG_BIOSYNTHESIS","logFC","time_index",0.404761904761905,0.95,-0.440704179922117,0.869680291013936,50,0.319888641228816,"Spearman",8
"555","REACTOME_HS_GAG_DEGRADATION","logFC","time_index",0.714285714285714,0.95,-0.00655536028441005,0.946631230365405,24,0.0465282322841672,"Spearman",8
"556","REACTOME_HSF1_ACTIVATION","logFC","time_index",-0.571428571428572,0.95,-0.914127484841395,0.247542976361256,132,0.138959957160706,"Spearman",8
"557","REACTOME_HSF1_DEPENDENT_TRANSACTIVATION","logFC","time_index",-0.666666666666667,0.95,-0.936297449114819,0.0974064026422894,140,0.0709876543209875,"Spearman",8
"558","REACTOME_HSP90_CHAPERONE_CYCLE_FOR_STEROID_HORMONE_RECEPTORS_SHR_","logFC","time_index",-0.690476190476191,0.95,-0.941523364223448,0.0535187438915425,142,0.0579903181645726,"Spearman",8
"559","REACTOME_HUR_ELAVL1_BINDS_AND_STABILIZES_MRNA","logFC","time_index",0.452380952380952,0.95,-0.39249447291592,0.883198389869668,46,0.260404767436885,"Spearman",8
"560","REACTOME_HYALURONAN_METABOLISM","logFC","time_index",0.404761904761905,0.95,-0.440704179922117,0.869680291013936,50,0.319888641228816,"Spearman",8
"561","REACTOME_HYALURONAN_UPTAKE_AND_DEGRADATION","logFC","time_index",0.404761904761905,0.95,-0.440704179922117,0.869680291013936,50,0.319888641228816,"Spearman",8
"562","REACTOME_HYDROLYSIS_OF_LPC","logFC","time_index",0,0.95,-0.717481538866778,0.717481538866778,84,1,"Spearman",8
"563","REACTOME_IKBA_VARIANT_LEADS_TO_EDA_ID","logFC","time_index",0.571428571428572,0.95,-0.247542976361256,0.914127484841395,36,0.138959957160707,"Spearman",8
"564","REACTOME_IKK_COMPLEX_RECRUITMENT_MEDIATED_BY_RIP1","logFC","time_index",-0.690476190476191,0.95,-0.941523364223448,0.0535187438915425,142,0.0579903181645726,"Spearman",8
"565","REACTOME_IL_6_TYPE_CYTOKINE_RECEPTOR_LIGAND_INTERACTIONS","logFC","time_index",0.595238095238095,0.95,-0.213366281883462,0.919869016525818,34,0.119529806138793,"Spearman",8
"566","REACTOME_IMMUNOREGULATORY_INTERACTIONS_BETWEEN_A_LYMPHOID_AND_A_NON_LYMPHOID_CELL","logFC","time_index",0.571428571428572,0.95,-0.247542976361256,0.914127484841395,36,0.138959957160707,"Spearman",8
"567","REACTOME_INACTIVATION_OF_CDC42_AND_RAC1","logFC","time_index",-0.166666666666667,0.95,-0.78971400256287,0.625627578496279,98,0.693238811728395,"Spearman",8
"568","REACTOME_INCRETIN_SYNTHESIS_SECRETION_AND_INACTIVATION","logFC","time_index",0.0952380952380952,0.95,-0.667880790009193,0.760737258941213,76,0.822505430203611,"Spearman",8
"569","REACTOME_INFECTION_WITH_MYCOBACTERIUM_TUBERCULOSIS","logFC","time_index",-0.714285714285714,0.95,-0.946631230365405,0.00655536028441005,144,0.0465282322841671,"Spearman",8
"570","REACTOME_INFECTIOUS_DISEASE","logFC","time_index",-0.214285714285714,0.95,-0.807601688398822,0.594615624587475,102,0.610344415645267,"Spearman",8
"571","REACTOME_INFLAMMASOMES","logFC","time_index",0.5,0.95,-0.339147615348341,0.896036658541189,42,0.20703125,"Spearman",8
"572","REACTOME_INFLUENZA_INFECTION","logFC","time_index",0.761904761904762,0.95,0.0979893634330436,0.956508462065415,20,0.0280049391530718,"Spearman",8
"573","REACTOME_INHIBITION_OF_DNA_RECOMBINATION_AT_TELOMERE","logFC","time_index",0.619047619047619,0.95,-0.177088868349271,0.925474715201005,32,0.101733037454265,"Spearman",8
"574","REACTOME_INHIBITION_OF_REPLICATION_INITIATION_OF_DAMAGED_DNA_BY_RB1_E2F1","logFC","time_index",-0.142857142857143,0.95,-0.780354412477385,0.640248142039189,96,0.735764859879812,"Spearman",8
"575","REACTOME_INHIBITION_OF_THE_PROTEOLYTIC_ACTIVITY_OF_APC_C_REQUIRED_FOR_THE_ONSET_OF_ANAPHASE_BY_MITOTIC_SPINDLE_CHECKPOINT_COMPONENTS","logFC","time_index",-0.690476190476191,0.95,-0.941523364223448,0.0535187438915425,142,0.0579903181645726,"Spearman",8
"576","REACTOME_INITIAL_TRIGGERING_OF_COMPLEMENT","logFC","time_index",0.547619047619048,0.95,-0.27979628705577,0.908245122495473,38,0.160025642538896,"Spearman",8
"577","REACTOME_INITIATION_OF_NUCLEAR_ENVELOPE_NE_REFORMATION","logFC","time_index",-0.214285714285714,0.95,-0.807601688398822,0.594615624587475,102,0.610344415645267,"Spearman",8
"578","REACTOME_INLA_MEDIATED_ENTRY_OF_LISTERIA_MONOCYTOGENES_INTO_HOST_CELLS","logFC","time_index",0.857142857142857,0.95,0.362741761851061,0.975009179187399,12,0.00653001725471527,"Spearman",8
"579","REACTOME_INLB_MEDIATED_ENTRY_OF_LISTERIA_MONOCYTOGENES_INTO_HOST_CELL","logFC","time_index",0.0952380952380952,0.95,-0.667880790009193,0.760737258941213,76,0.822505430203611,"Spearman",8
"580","REACTOME_INNATE_IMMUNE_SYSTEM","logFC","time_index",-0.238095238095238,0.95,-0.816154047863564,0.578151267742396,104,0.570156320815768,"Spearman",8
"581","REACTOME_INOSITOL_PHOSPHATE_METABOLISM","logFC","time_index",0.428571428571429,0.95,-0.417193948725786,0.876527650057209,48,0.28940322484679,"Spearman",8
"582","REACTOME_INSERTION_OF_TAIL_ANCHORED_PROTEINS_INTO_THE_ENDOPLASMIC_RETICULUM_MEMBRANE","logFC","time_index",0.357142857142857,0.95,-0.484484688927055,0.855426894378632,54,0.385120643556256,"Spearman",8
"583","REACTOME_INSULIN_PROCESSING","logFC","time_index",-0.690476190476191,0.95,-0.941523364223448,0.0535187438915425,142,0.0579903181645726,"Spearman",8
"584","REACTOME_INSULIN_RECEPTOR_RECYCLING","logFC","time_index",-0.738095238095238,0.95,-0.951625002805919,-0.0438188176793302,146,0.0365527610528608,"Spearman",8
"585","REACTOME_INSULIN_RECEPTOR_SIGNALLING_CASCADE","logFC","time_index",0.80952380952381,0.95,0.219576117261057,0.965958746049703,16,0.0149026676862301,"Spearman",8
"586","REACTOME_INTEGRATION_OF_ENERGY_METABOLISM","logFC","time_index",-0.357142857142857,0.95,-0.855426894378632,0.484484688927055,114,0.385120643556256,"Spearman",8
"587","REACTOME_INTEGRATION_OF_PROVIRUS","logFC","time_index",-0.571428571428572,0.95,-0.914127484841395,0.247542976361256,132,0.138959957160706,"Spearman",8
"588","REACTOME_INTEGRIN_CELL_SURFACE_INTERACTIONS","logFC","time_index",0.785714285714286,0.95,0.156402242304734,0.961285223464438,18,0.0208151272535253,"Spearman",8
"589","REACTOME_INTEGRIN_SIGNALING","logFC","time_index",0.428571428571429,0.95,-0.417193948725786,0.876527650057209,48,0.28940322484679,"Spearman",8
"590","REACTOME_INTERACTION_BETWEEN_L1_AND_ANKYRINS","logFC","time_index",-0.380952380952381,0.95,-0.862649204190628,0.463109038011872,116,0.351812553117565,"Spearman",8
"591","REACTOME_INTERACTION_WITH_CUMULUS_CELLS_AND_THE_ZONA_PELLUCIDA","logFC","time_index",-0.642857142857143,0.95,-0.930949344815045,0.138510908918769,138,0.0855588910126729,"Spearman",8
"592","REACTOME_INTERACTIONS_OF_REV_WITH_HOST_CELLULAR_PROTEINS","logFC","time_index",-0.357142857142857,0.95,-0.855426894378632,0.484484688927055,114,0.385120643556256,"Spearman",8
"593","REACTOME_INTERACTIONS_OF_VPR_WITH_HOST_CELLULAR_PROTEINS","logFC","time_index",-0.0476190476190476,0.95,-0.739823919612768,0.693558462335865,88,0.910849168519584,"Spearman",8
"594","REACTOME_INTERCONVERSION_OF_NUCLEOTIDE_DI_AND_TRIPHOSPHATES","logFC","time_index",-0.166666666666667,0.95,-0.78971400256287,0.625627578496279,98,0.693238811728395,"Spearman",8
"595","REACTOME_INTERFERON_ALPHA_BETA_SIGNALING","logFC","time_index",0.214285714285714,0.95,-0.594615624587475,0.807601688398822,66,0.610344415645267,"Spearman",8
"596","REACTOME_INTERFERON_GAMMA_SIGNALING","logFC","time_index",0.261904761904762,0.95,-0.560994230299003,0.824460431079162,62,0.530922861565801,"Spearman",8
"597","REACTOME_INTERFERON_SIGNALING","logFC","time_index",0.428571428571429,0.95,-0.417193948725786,0.876527650057209,48,0.28940322484679,"Spearman",8
"598","REACTOME_INTERLEUKIN_1_FAMILY_SIGNALING","logFC","time_index",-0.80952380952381,0.95,-0.965958746049703,-0.219576117261057,152,0.0149026676862301,"Spearman",8
"599","REACTOME_INTERLEUKIN_1_PROCESSING","logFC","time_index",0.571428571428572,0.95,-0.247542976361256,0.914127484841395,36,0.138959957160707,"Spearman",8
"600","REACTOME_INTERLEUKIN_1_SIGNALING","logFC","time_index",-0.785714285714286,0.95,-0.961285223464438,-0.156402242304734,150,0.0208151272535253,"Spearman",8
"601","REACTOME_INTERLEUKIN_10_SIGNALING","logFC","time_index",0.30952380952381,0.95,-0.524419581436004,0.840376529508442,58,0.455644890737582,"Spearman",8
"602","REACTOME_INTERLEUKIN_12_FAMILY_SIGNALING","logFC","time_index",0.619047619047619,0.95,-0.177088868349271,0.925474715201005,32,0.101733037454265,"Spearman",8
"603","REACTOME_INTERLEUKIN_12_SIGNALING","logFC","time_index",0.690476190476191,0.95,-0.0535187438915425,0.941523364223448,26,0.0579903181645727,"Spearman",8
"604","REACTOME_INTERLEUKIN_15_SIGNALING","logFC","time_index",0.595238095238095,0.95,-0.213366281883462,0.919869016525818,34,0.119529806138793,"Spearman",8
"605","REACTOME_INTERLEUKIN_17_SIGNALING","logFC","time_index",0.928571428571429,0.95,0.632446585771284,0.987888913611396,5.99999999999999,0.000862968182899978,"Spearman",8
"606","REACTOME_INTERLEUKIN_18_SIGNALING","logFC","time_index",-0.380952380952381,0.95,-0.862649204190628,0.463109038011872,116,0.351812553117565,"Spearman",8
"607","REACTOME_INTERLEUKIN_2_FAMILY_SIGNALING","logFC","time_index",0.523809523809524,0.95,-0.310284135497842,0.902216683622693,40,0.182720750539715,"Spearman",8
"608","REACTOME_INTERLEUKIN_2_SIGNALING","logFC","time_index",0.333333333333333,0.95,-0.504900458079174,0.848005453057694,56,0.419753086419753,"Spearman",8
"609","REACTOME_INTERLEUKIN_20_FAMILY_SIGNALING","logFC","time_index",0.19047619047619,0.95,-0.610428419161659,0.798792262364635,68,0.651401495702482,"Spearman",8
"610","REACTOME_INTERLEUKIN_21_SIGNALING","logFC","time_index",0.261904761904762,0.95,-0.560994230299003,0.824460431079162,62,0.530922861565801,"Spearman",8
"611","REACTOME_INTERLEUKIN_23_SIGNALING","logFC","time_index",0.642857142857143,0.95,-0.138510908918769,0.930949344815045,30,0.0855588910126731,"Spearman",8
"612","REACTOME_INTERLEUKIN_27_SIGNALING","logFC","time_index",0.619047619047619,0.95,-0.177088868349271,0.925474715201005,32,0.101733037454265,"Spearman",8
"613","REACTOME_INTERLEUKIN_3_INTERLEUKIN_5_AND_GM_CSF_SIGNALING","logFC","time_index",0.714285714285714,0.95,-0.00655536028441005,0.946631230365405,24,0.0465282322841672,"Spearman",8
"614","REACTOME_INTERLEUKIN_35_SIGNALLING","logFC","time_index",0.690476190476191,0.95,-0.0535187438915425,0.941523364223448,26,0.0579903181645727,"Spearman",8
"615","REACTOME_INTERLEUKIN_37_SIGNALING","logFC","time_index",0.285714285714286,0.95,-0.54309985976455,0.832531299467683,60,0.492726245016957,"Spearman",8
"616","REACTOME_INTERLEUKIN_4_AND_INTERLEUKIN_13_SIGNALING","logFC","time_index",0.238095238095238,0.95,-0.578151267742396,0.816154047863564,64,0.570156320815768,"Spearman",8
"617","REACTOME_INTERLEUKIN_6_FAMILY_SIGNALING","logFC","time_index",0.738095238095238,0.95,0.0438188176793302,0.951625002805919,22,0.0365527610528607,"Spearman",8
"618","REACTOME_INTERLEUKIN_6_SIGNALING","logFC","time_index",0.642857142857143,0.95,-0.138510908918769,0.930949344815045,30,0.0855588910126731,"Spearman",8
"619","REACTOME_INTERLEUKIN_7_SIGNALING","logFC","time_index",0.261904761904762,0.95,-0.560994230299003,0.824460431079162,62,0.530922861565801,"Spearman",8
"620","REACTOME_INTERLEUKIN_9_SIGNALING","logFC","time_index",0.404761904761905,0.95,-0.440704179922117,0.869680291013936,50,0.319888641228816,"Spearman",8
"621","REACTOME_INTERLEUKIN_RECEPTOR_SHC_SIGNALING","logFC","time_index",0.595238095238095,0.95,-0.213366281883462,0.919869016525818,34,0.119529806138793,"Spearman",8
"622","REACTOME_INTRA_GOLGI_AND_RETROGRADE_GOLGI_TO_ER_TRAFFIC","logFC","time_index",-0.30952380952381,0.95,-0.840376529508442,0.524419581436004,110,0.455644890737582,"Spearman",8
"623","REACTOME_INTRA_GOLGI_TRAFFIC","logFC","time_index",0.476190476190476,0.95,-0.366513175675711,0.889699256957141,44,0.232935534650098,"Spearman",8
"624","REACTOME_INTRACELLULAR_SIGNALING_BY_SECOND_MESSENGERS","logFC","time_index",-0.0714285714285714,0.95,-0.750450511180687,0.680950797892829,90,0.866526270675909,"Spearman",8
"625","REACTOME_INTRAFLAGELLAR_TRANSPORT","logFC","time_index",0.619047619047619,0.95,-0.177088868349271,0.925474715201005,32,0.101733037454265,"Spearman",8
"626","REACTOME_INTRINSIC_PATHWAY_FOR_APOPTOSIS","logFC","time_index",0.547619047619048,0.95,-0.27979628705577,0.908245122495473,38,0.160025642538896,"Spearman",8
"627","REACTOME_INTRINSIC_PATHWAY_OF_FIBRIN_CLOT_FORMATION","logFC","time_index",0.476190476190476,0.95,-0.366513175675711,0.889699256957141,44,0.232935534650098,"Spearman",8
"628","REACTOME_INWARDLY_RECTIFYING_K_CHANNELS","logFC","time_index",0.142857142857143,0.95,-0.640248142039189,0.780354412477385,72,0.735764859879812,"Spearman",8
"629","REACTOME_ION_CHANNEL_TRANSPORT","logFC","time_index",-0.904761904761905,0.95,-0.983684612861427,-0.533790356386143,160,0.00200827550542945,"Spearman",8
"630","REACTOME_ION_HOMEOSTASIS","logFC","time_index",-0.80952380952381,0.95,-0.965958746049703,-0.219576117261057,152,0.0149026676862301,"Spearman",8
"631","REACTOME_ION_TRANSPORT_BY_P_TYPE_ATPASES","logFC","time_index",-0.357142857142857,0.95,-0.855426894378632,0.484484688927055,114,0.385120643556256,"Spearman",8
"632","REACTOME_IONOTROPIC_ACTIVITY_OF_KAINATE_RECEPTORS","logFC","time_index",0.119047619047619,0.95,-0.654322531330363,0.770700208881839,74,0.77888572605238,"Spearman",8
"633","REACTOME_IRAK1_RECRUITS_IKK_COMPLEX","logFC","time_index",-0.0238095238095238,0.95,-0.728840360218264,0.705727889635272,86,0.955374011815881,"Spearman",8
"634","REACTOME_IRAK2_MEDIATED_ACTIVATION_OF_TAK1_COMPLEX","logFC","time_index",0.833333333333333,0.95,0.288117791458932,0.970532340947576,14,0.0101755401234568,"Spearman",8
"635","REACTOME_IRAK4_DEFICIENCY_TLR2_4_","logFC","time_index",0.523809523809524,0.95,-0.310284135497842,0.902216683622693,40,0.182720750539715,"Spearman",8
"636","REACTOME_IRE1ALPHA_ACTIVATES_CHAPERONES","logFC","time_index",-0.666666666666667,0.95,-0.936297449114819,0.0974064026422894,140,0.0709876543209875,"Spearman",8
"637","REACTOME_IRF3_MEDIATED_INDUCTION_OF_TYPE_I_IFN","logFC","time_index",-0.333333333333333,0.95,-0.848005453057694,0.504900458079174,112,0.419753086419753,"Spearman",8
"638","REACTOME_IRON_UPTAKE_AND_TRANSPORT","logFC","time_index",-0.761904761904762,0.95,-0.956508462065415,-0.0979893634330436,148,0.0280049391530719,"Spearman",8
"639","REACTOME_IRS_ACTIVATION","logFC","time_index",0.976190476190476,0.95,0.863510571894565,0.996044086457945,1.99999999999999,3.3143960262001e-05,"Spearman",8
"640","REACTOME_IRS_MEDIATED_SIGNALLING","logFC","time_index",0.80952380952381,0.95,0.219576117261057,0.965958746049703,16,0.0149026676862301,"Spearman",8
"641","REACTOME_JNK_C_JUN_KINASES_PHOSPHORYLATION_AND_ACTIVATION_MEDIATED_BY_ACTIVATED_HUMAN_TAK1","logFC","time_index",0.714285714285714,0.95,-0.00655536028441005,0.946631230365405,24,0.0465282322841672,"Spearman",8
"642","REACTOME_JOSEPHIN_DOMAIN_DUBS","logFC","time_index",0.261904761904762,0.95,-0.560994230299003,0.824460431079162,62,0.530922861565801,"Spearman",8
"643","REACTOME_KERATAN_SULFATE_BIOSYNTHESIS","logFC","time_index",-0.476190476190476,0.95,-0.889699256957141,0.366513175675711,124,0.232935534650098,"Spearman",8
"644","REACTOME_KERATAN_SULFATE_DEGRADATION","logFC","time_index",0.523809523809524,0.95,-0.310284135497842,0.902216683622693,40,0.182720750539715,"Spearman",8
"645","REACTOME_KERATAN_SULFATE_KERATIN_METABOLISM","logFC","time_index",-0.0952380952380952,0.95,-0.760737258941213,0.667880790009193,92,0.822505430203611,"Spearman",8
"646","REACTOME_KERATINIZATION","logFC","time_index",0.428571428571429,0.95,-0.417193948725786,0.876527650057209,48,0.28940322484679,"Spearman",8
"647","REACTOME_KETONE_BODY_METABOLISM","logFC","time_index",0.261904761904762,0.95,-0.560994230299003,0.824460431079162,62,0.530922861565801,"Spearman",8
"648","REACTOME_KILLING_MECHANISMS","logFC","time_index",-0.238095238095238,0.95,-0.816154047863564,0.578151267742396,104,0.570156320815768,"Spearman",8
"649","REACTOME_KINESINS","logFC","time_index",-0.5,0.95,-0.896036658541189,0.339147615348341,126,0.20703125,"Spearman",8
"650","REACTOME_KSRP_KHSRP_BINDS_AND_DESTABILIZES_MRNA","logFC","time_index",0.619047619047619,0.95,-0.177088868349271,0.925474715201005,32,0.101733037454265,"Spearman",8
"651","REACTOME_L1CAM_INTERACTIONS","logFC","time_index",0.690476190476191,0.95,-0.0535187438915425,0.941523364223448,26,0.0579903181645727,"Spearman",8
"652","REACTOME_LAGGING_STRAND_SYNTHESIS","logFC","time_index",-0.547619047619048,0.95,-0.908245122495473,0.27979628705577,130,0.160025642538896,"Spearman",8
"653","REACTOME_LAMININ_INTERACTIONS","logFC","time_index",0.761904761904762,0.95,0.0979893634330436,0.956508462065415,20,0.0280049391530718,"Spearman",8
"654","REACTOME_LATE_ENDOSOMAL_MICROAUTOPHAGY","logFC","time_index",0.761904761904762,0.95,0.0979893634330436,0.956508462065415,20,0.0280049391530718,"Spearman",8
"655","REACTOME_LDL_CLEARANCE","logFC","time_index",0.642857142857143,0.95,-0.138510908918769,0.930949344815045,30,0.0855588910126731,"Spearman",8
"656","REACTOME_LECTIN_PATHWAY_OF_COMPLEMENT_ACTIVATION","logFC","time_index",0.0952380952380952,0.95,-0.667880790009193,0.760737258941213,76,0.822505430203611,"Spearman",8
"657","REACTOME_LEISHMANIA_INFECTION","logFC","time_index",0.0476190476190476,0.95,-0.693558462335865,0.739823919612768,80,0.910849168519584,"Spearman",8
"658","REACTOME_LGI_ADAM_INTERACTIONS","logFC","time_index",-0.119047619047619,0.95,-0.770700208881839,0.654322531330363,94,0.77888572605238,"Spearman",8
"659","REACTOME_LIGAND_RECEPTOR_INTERACTIONS","logFC","time_index",-0.0714285714285714,0.95,-0.750450511180687,0.680950797892829,90,0.866526270675909,"Spearman",8
"660","REACTOME_LINOLEIC_ACID_LA_METABOLISM","logFC","time_index",-0.333333333333333,0.95,-0.848005453057694,0.504900458079174,112,0.419753086419753,"Spearman",8
"661","REACTOME_LIPID_PARTICLE_ORGANIZATION","logFC","time_index",-0.0952380952380952,0.95,-0.760737258941213,0.667880790009193,92,0.822505430203611,"Spearman",8
"662","REACTOME_LIPOPHAGY","logFC","time_index",0.261904761904762,0.95,-0.560994230299003,0.824460431079162,62,0.530922861565801,"Spearman",8
"663","REACTOME_LISTERIA_MONOCYTOGENES_ENTRY_INTO_HOST_CELLS","logFC","time_index",0.5,0.95,-0.339147615348341,0.896036658541189,42,0.20703125,"Spearman",8
"664","REACTOME_LONG_TERM_POTENTIATION","logFC","time_index",-0.428571428571429,0.95,-0.876527650057209,0.417193948725786,120,0.28940322484679,"Spearman",8
"665","REACTOME_LOSS_OF_FUNCTION_OF_MECP2_IN_RETT_SYNDROME","logFC","time_index",0.261904761904762,0.95,-0.560994230299003,0.824460431079162,62,0.530922861565801,"Spearman",8
"666","REACTOME_LOSS_OF_FUNCTION_OF_SMAD2_3_IN_CANCER","logFC","time_index",0.523809523809524,0.95,-0.310284135497842,0.902216683622693,40,0.182720750539715,"Spearman",8
"667","REACTOME_LOSS_OF_MECP2_BINDING_ABILITY_TO_THE_NCOR_SMRT_COMPLEX","logFC","time_index",0.5,0.95,-0.339147615348341,0.896036658541189,42,0.20703125,"Spearman",8
"668","REACTOME_LRR_FLII_INTERACTING_PROTEIN_1_LRRFIP1_ACTIVATES_TYPE_I_IFN_PRODUCTION","logFC","time_index",0.738095238095238,0.95,0.0438188176793302,0.951625002805919,22,0.0365527610528607,"Spearman",8
"669","REACTOME_LTC4_CYSLTR_MEDIATED_IL4_PRODUCTION","logFC","time_index",0.142857142857143,0.95,-0.640248142039189,0.780354412477385,72,0.735764859879812,"Spearman",8
"670","REACTOME_LYSINE_CATABOLISM","logFC","time_index",0.19047619047619,0.95,-0.610428419161659,0.798792262364635,68,0.651401495702482,"Spearman",8
"671","REACTOME_LYSOSOME_VESICLE_BIOGENESIS","logFC","time_index",-0.0476190476190476,0.95,-0.739823919612768,0.693558462335865,88,0.910849168519584,"Spearman",8
"672","REACTOME_LYSOSPHINGOLIPID_AND_LPA_RECEPTORS","logFC","time_index",0.547619047619048,0.95,-0.27979628705577,0.908245122495473,38,0.160025642538896,"Spearman",8
"673","REACTOME_M_PHASE","logFC","time_index",-0.404761904761905,0.95,-0.869680291013936,0.440704179922117,118,0.319888641228816,"Spearman",8
"674","REACTOME_MAP2K_AND_MAPK_ACTIVATION","logFC","time_index",0.523809523809524,0.95,-0.310284135497842,0.902216683622693,40,0.182720750539715,"Spearman",8
"675","REACTOME_MAP3K8_TPL2_DEPENDENT_MAPK1_3_ACTIVATION","logFC","time_index",0.666666666666667,0.95,-0.0974064026422894,0.936297449114819,28,0.0709876543209875,"Spearman",8
"676","REACTOME_MAPK_FAMILY_SIGNALING_CASCADES","logFC","time_index",-0.0238095238095238,0.95,-0.728840360218264,0.705727889635272,86,0.955374011815881,"Spearman",8
"677","REACTOME_MAPK_TARGETS_NUCLEAR_EVENTS_MEDIATED_BY_MAP_KINASES","logFC","time_index",0.833333333333333,0.95,0.288117791458932,0.970532340947576,14,0.0101755401234568,"Spearman",8
"678","REACTOME_MAPK1_ERK2_ACTIVATION","logFC","time_index",0.666666666666667,0.95,-0.0974064026422894,0.936297449114819,28,0.0709876543209875,"Spearman",8
"679","REACTOME_MAPK3_ERK1_ACTIVATION","logFC","time_index",0.619047619047619,0.95,-0.177088868349271,0.925474715201005,32,0.101733037454265,"Spearman",8
"680","REACTOME_MAPK6_MAPK4_SIGNALING","logFC","time_index",-0.857142857142857,0.95,-0.975009179187399,-0.362741761851061,156,0.00653001725471529,"Spearman",8
"681","REACTOME_MASTL_FACILITATES_MITOTIC_PROGRESSION","logFC","time_index",0.0476190476190476,0.95,-0.693558462335865,0.739823919612768,80,0.910849168519584,"Spearman",8
"682","REACTOME_MATURATION_OF_NUCLEOPROTEIN","logFC","time_index",-0.547619047619048,0.95,-0.908245122495473,0.27979628705577,130,0.160025642538896,"Spearman",8
"683","REACTOME_MATURATION_OF_PROTEIN_3A","logFC","time_index",-0.0476190476190476,0.95,-0.739823919612768,0.693558462335865,88,0.910849168519584,"Spearman",8
"684","REACTOME_MECP2_REGULATES_NEURONAL_RECEPTORS_AND_CHANNELS","logFC","time_index",0.30952380952381,0.95,-0.524419581436004,0.840376529508442,58,0.455644890737582,"Spearman",8
"685","REACTOME_MECP2_REGULATES_TRANSCRIPTION_FACTORS","logFC","time_index",0.666666666666667,0.95,-0.0974064026422894,0.936297449114819,28,0.0709876543209875,"Spearman",8
"686","REACTOME_MECP2_REGULATES_TRANSCRIPTION_OF_NEURONAL_LIGANDS","logFC","time_index",0.0714285714285714,0.95,-0.680950797892829,0.750450511180687,78,0.866526270675909,"Spearman",8
"687","REACTOME_MEIOSIS","logFC","time_index",0.380952380952381,0.95,-0.463109038011872,0.862649204190628,52,0.351812553117565,"Spearman",8
"688","REACTOME_MEIOTIC_RECOMBINATION","logFC","time_index",-0.142857142857143,0.95,-0.780354412477385,0.640248142039189,96,0.735764859879812,"Spearman",8
"689","REACTOME_MEIOTIC_SYNAPSIS","logFC","time_index",0.690476190476191,0.95,-0.0535187438915425,0.941523364223448,26,0.0579903181645727,"Spearman",8
"690","REACTOME_MEMBRANE_TRAFFICKING","logFC","time_index",-0.5,0.95,-0.896036658541189,0.339147615348341,126,0.20703125,"Spearman",8
"691","REACTOME_MET_ACTIVATES_PI3K_AKT_SIGNALING","logFC","time_index",0.619047619047619,0.95,-0.177088868349271,0.925474715201005,32,0.101733037454265,"Spearman",8
"692","REACTOME_MET_ACTIVATES_PTK2_SIGNALING","logFC","time_index",0.714285714285714,0.95,-0.00655536028441005,0.946631230365405,24,0.0465282322841672,"Spearman",8
"693","REACTOME_MET_ACTIVATES_PTPN11","logFC","time_index",0.857142857142857,0.95,0.362741761851061,0.975009179187399,12,0.00653001725471527,"Spearman",8
"694","REACTOME_MET_ACTIVATES_RAP1_AND_RAC1","logFC","time_index",0.452380952380952,0.95,-0.39249447291592,0.883198389869668,46,0.260404767436885,"Spearman",8
"695","REACTOME_MET_ACTIVATES_RAS_SIGNALING","logFC","time_index",0.619047619047619,0.95,-0.177088868349271,0.925474715201005,32,0.101733037454265,"Spearman",8
"696","REACTOME_MET_INTERACTS_WITH_TNS_PROTEINS","logFC","time_index",0.761904761904762,0.95,0.0979893634330436,0.956508462065415,20,0.0280049391530718,"Spearman",8
"697","REACTOME_MET_PROMOTES_CELL_MOTILITY","logFC","time_index",0.785714285714286,0.95,0.156402242304734,0.961285223464438,18,0.0208151272535253,"Spearman",8
"698","REACTOME_MET_RECEPTOR_ACTIVATION","logFC","time_index",0.833333333333333,0.95,0.288117791458932,0.970532340947576,14,0.0101755401234568,"Spearman",8
"699","REACTOME_MET_RECEPTOR_RECYCLING","logFC","time_index",0.380952380952381,0.95,-0.463109038011872,0.862649204190628,52,0.351812553117565,"Spearman",8
"700","REACTOME_METABOLIC_DISORDERS_OF_BIOLOGICAL_OXIDATION_ENZYMES","logFC","time_index",-0.0714285714285714,0.95,-0.750450511180687,0.680950797892829,90,0.866526270675909,"Spearman",8
"701","REACTOME_METABOLISM_OF_AMINE_DERIVED_HORMONES","logFC","time_index",0.30952380952381,0.95,-0.524419581436004,0.840376529508442,58,0.455644890737582,"Spearman",8
"702","REACTOME_METABOLISM_OF_AMINO_ACIDS_AND_DERIVATIVES","logFC","time_index",0.238095238095238,0.95,-0.578151267742396,0.816154047863564,64,0.570156320815768,"Spearman",8
"703","REACTOME_METABOLISM_OF_ANGIOTENSINOGEN_TO_ANGIOTENSINS","logFC","time_index",-0.5,0.95,-0.896036658541189,0.339147615348341,126,0.20703125,"Spearman",8
"704","REACTOME_METABOLISM_OF_CARBOHYDRATES","logFC","time_index",-0.142857142857143,0.95,-0.780354412477385,0.640248142039189,96,0.735764859879812,"Spearman",8
"705","REACTOME_METABOLISM_OF_COFACTORS","logFC","time_index",0.0238095238095238,0.95,-0.705727889635272,0.728840360218264,82,0.955374011815881,"Spearman",8
"706","REACTOME_METABOLISM_OF_FAT_SOLUBLE_VITAMINS","logFC","time_index",-0.714285714285714,0.95,-0.946631230365405,0.00655536028441005,144,0.0465282322841671,"Spearman",8
"707","REACTOME_METABOLISM_OF_FOLATE_AND_PTERINES","logFC","time_index",-0.380952380952381,0.95,-0.862649204190628,0.463109038011872,116,0.351812553117565,"Spearman",8
"708","REACTOME_METABOLISM_OF_INGESTED_SEMET_SEC_MESEC_INTO_H2SE","logFC","time_index",0.404761904761905,0.95,-0.440704179922117,0.869680291013936,50,0.319888641228816,"Spearman",8
"709","REACTOME_METABOLISM_OF_LIPIDS","logFC","time_index",-0.5,0.95,-0.896036658541189,0.339147615348341,126,0.20703125,"Spearman",8
"710","REACTOME_METABOLISM_OF_NITRIC_OXIDE_NOS3_ACTIVATION_AND_REGULATION","logFC","time_index",0.214285714285714,0.95,-0.594615624587475,0.807601688398822,66,0.610344415645267,"Spearman",8
"711","REACTOME_METABOLISM_OF_NUCLEOTIDES","logFC","time_index",-0.0952380952380952,0.95,-0.760737258941213,0.667880790009193,92,0.822505430203611,"Spearman",8
"712","REACTOME_METABOLISM_OF_POLYAMINES","logFC","time_index",-0.880952380952381,0.95,-0.979392299033486,-0.444295219960863,158,0.00385032046373241,"Spearman",8
"713","REACTOME_METABOLISM_OF_PORPHYRINS","logFC","time_index",-0.523809523809524,0.95,-0.902216683622693,0.310284135497842,128,0.182720750539715,"Spearman",8
"714","REACTOME_METABOLISM_OF_RNA","logFC","time_index",0.452380952380952,0.95,-0.39249447291592,0.883198389869668,46,0.260404767436885,"Spearman",8
"715","REACTOME_METABOLISM_OF_STEROID_HORMONES","logFC","time_index",-0.333333333333333,0.95,-0.848005453057694,0.504900458079174,112,0.419753086419753,"Spearman",8
"716","REACTOME_METABOLISM_OF_STEROIDS","logFC","time_index",-0.547619047619048,0.95,-0.908245122495473,0.27979628705577,130,0.160025642538896,"Spearman",8
"717","REACTOME_METABOLISM_OF_VITAMINS_AND_COFACTORS","logFC","time_index",-0.571428571428572,0.95,-0.914127484841395,0.247542976361256,132,0.138959957160706,"Spearman",8
"718","REACTOME_METABOLISM_OF_WATER_SOLUBLE_VITAMINS_AND_COFACTORS","logFC","time_index",-0.523809523809524,0.95,-0.902216683622693,0.310284135497842,128,0.182720750539715,"Spearman",8
"719","REACTOME_METAL_ION_SLC_TRANSPORTERS","logFC","time_index",-0.595238095238095,0.95,-0.919869016525818,0.213366281883462,134,0.119529806138793,"Spearman",8
"720","REACTOME_METALLOPROTEASE_DUBS","logFC","time_index",-0.0238095238095238,0.95,-0.728840360218264,0.705727889635272,86,0.955374011815881,"Spearman",8
"721","REACTOME_METHIONINE_SALVAGE_PATHWAY","logFC","time_index",0.80952380952381,0.95,0.219576117261057,0.965958746049703,16,0.0149026676862301,"Spearman",8
"722","REACTOME_METHYLATION","logFC","time_index",0.285714285714286,0.95,-0.54309985976455,0.832531299467683,60,0.492726245016957,"Spearman",8
"723","REACTOME_MHC_CLASS_II_ANTIGEN_PRESENTATION","logFC","time_index",-0.5,0.95,-0.896036658541189,0.339147615348341,126,0.20703125,"Spearman",8
"724","REACTOME_MICRORNA_MIRNA_BIOGENESIS","logFC","time_index",-0.404761904761905,0.95,-0.869680291013936,0.440704179922117,118,0.319888641228816,"Spearman",8
"725","REACTOME_MISCELLANEOUS_SUBSTRATES","logFC","time_index",-0.880952380952381,0.95,-0.979392299033486,-0.444295219960863,158,0.00385032046373241,"Spearman",8
"726","REACTOME_MISCELLANEOUS_TRANSPORT_AND_BINDING_EVENTS","logFC","time_index",-0.261904761904762,0.95,-0.824460431079162,0.560994230299003,106,0.530922861565801,"Spearman",8
"727","REACTOME_MISMATCH_REPAIR","logFC","time_index",0.166666666666667,0.95,-0.625627578496279,0.78971400256287,70,0.693238811728395,"Spearman",8
"728","REACTOME_MITOCHONDRIAL_BIOGENESIS","logFC","time_index",0.476190476190476,0.95,-0.366513175675711,0.889699256957141,44,0.232935534650098,"Spearman",8
"729","REACTOME_MITOCHONDRIAL_CALCIUM_ION_TRANSPORT","logFC","time_index",-0.261904761904762,0.95,-0.824460431079162,0.560994230299003,106,0.530922861565801,"Spearman",8
"730","REACTOME_MITOCHONDRIAL_FATTY_ACID_BETA_OXIDATION","logFC","time_index",-0.761904761904762,0.95,-0.956508462065415,-0.0979893634330436,148,0.0280049391530719,"Spearman",8
"731","REACTOME_MITOCHONDRIAL_FATTY_ACID_BETA_OXIDATION_OF_SATURATED_FATTY_ACIDS","logFC","time_index",-0.738095238095238,0.95,-0.951625002805919,-0.0438188176793302,146,0.0365527610528608,"Spearman",8
"732","REACTOME_MITOCHONDRIAL_FATTY_ACID_BETA_OXIDATION_OF_UNSATURATED_FATTY_ACIDS","logFC","time_index",-0.904761904761905,0.95,-0.983684612861427,-0.533790356386143,160,0.00200827550542945,"Spearman",8
"733","REACTOME_MITOCHONDRIAL_IRON_SULFUR_CLUSTER_BIOGENESIS","logFC","time_index",0.0476190476190476,0.95,-0.693558462335865,0.739823919612768,80,0.910849168519584,"Spearman",8
"734","REACTOME_MITOCHONDRIAL_PROTEIN_IMPORT","logFC","time_index",-0.761904761904762,0.95,-0.956508462065415,-0.0979893634330436,148,0.0280049391530719,"Spearman",8
"735","REACTOME_MITOCHONDRIAL_TRANSLATION","logFC","time_index",-0.452380952380952,0.95,-0.883198389869668,0.39249447291592,122,0.260404767436885,"Spearman",8
"736","REACTOME_MITOCHONDRIAL_TRNA_AMINOACYLATION","logFC","time_index",0.333333333333333,0.95,-0.504900458079174,0.848005453057694,56,0.419753086419753,"Spearman",8
"737","REACTOME_MITOPHAGY","logFC","time_index",-0.142857142857143,0.95,-0.780354412477385,0.640248142039189,96,0.735764859879812,"Spearman",8
"738","REACTOME_MITOTIC_G1_PHASE_AND_G1_S_TRANSITION","logFC","time_index",-0.761904761904762,0.95,-0.956508462065415,-0.0979893634330436,148,0.0280049391530719,"Spearman",8
"739","REACTOME_MITOTIC_G2_G2_M_PHASES","logFC","time_index",-0.404761904761905,0.95,-0.869680291013936,0.440704179922117,118,0.319888641228816,"Spearman",8
"740","REACTOME_MITOTIC_METAPHASE_AND_ANAPHASE","logFC","time_index",-0.666666666666667,0.95,-0.936297449114819,0.0974064026422894,140,0.0709876543209875,"Spearman",8
"741","REACTOME_MITOTIC_PROMETAPHASE","logFC","time_index",-0.452380952380952,0.95,-0.883198389869668,0.39249447291592,122,0.260404767436885,"Spearman",8
"742","REACTOME_MITOTIC_PROPHASE","logFC","time_index",0.0238095238095238,0.95,-0.705727889635272,0.728840360218264,82,0.955374011815881,"Spearman",8
"743","REACTOME_MITOTIC_SPINDLE_CHECKPOINT","logFC","time_index",-0.642857142857143,0.95,-0.930949344815045,0.138510908918769,138,0.0855588910126729,"Spearman",8
"744","REACTOME_MITOTIC_TELOPHASE_CYTOKINESIS","logFC","time_index",0.0714285714285714,0.95,-0.680950797892829,0.750450511180687,78,0.866526270675909,"Spearman",8
"745","REACTOME_MOLECULES_ASSOCIATED_WITH_ELASTIC_FIBRES","logFC","time_index",0.333333333333333,0.95,-0.504900458079174,0.848005453057694,56,0.419753086419753,"Spearman",8
"746","REACTOME_MRNA_CAPPING","logFC","time_index",-0.714285714285714,0.95,-0.946631230365405,0.00655536028441005,144,0.0465282322841671,"Spearman",8
"747","REACTOME_MRNA_DECAY_BY_3_TO_5_EXORIBONUCLEASE","logFC","time_index",0.19047619047619,0.95,-0.610428419161659,0.798792262364635,68,0.651401495702482,"Spearman",8
"748","REACTOME_MRNA_DECAY_BY_5_TO_3_EXORIBONUCLEASE","logFC","time_index",0.761904761904762,0.95,0.0979893634330436,0.956508462065415,20,0.0280049391530718,"Spearman",8
"749","REACTOME_MRNA_EDITING","logFC","time_index",-0.380952380952381,0.95,-0.862649204190628,0.463109038011872,116,0.351812553117565,"Spearman",8
"750","REACTOME_MRNA_SPLICING","logFC","time_index",0.452380952380952,0.95,-0.39249447291592,0.883198389869668,46,0.260404767436885,"Spearman",8
"751","REACTOME_MRNA_SPLICING_MINOR_PATHWAY","logFC","time_index",0.119047619047619,0.95,-0.654322531330363,0.770700208881839,74,0.77888572605238,"Spearman",8
"752","REACTOME_MTOR_SIGNALLING","logFC","time_index",-0.642857142857143,0.95,-0.930949344815045,0.138510908918769,138,0.0855588910126729,"Spearman",8
"753","REACTOME_MTORC1_MEDIATED_SIGNALLING","logFC","time_index",-0.642857142857143,0.95,-0.930949344815045,0.138510908918769,138,0.0855588910126729,"Spearman",8
"754","REACTOME_MUCOPOLYSACCHARIDOSES","logFC","time_index",0.761904761904762,0.95,0.0979893634330436,0.956508462065415,20,0.0280049391530718,"Spearman",8
"755","REACTOME_MULTIFUNCTIONAL_ANION_EXCHANGERS","logFC","time_index",-0.976190476190476,0.95,-0.996044086457945,-0.863510571894565,166,3.3143960262001e-05,"Spearman",8
"756","REACTOME_MUSCARINIC_ACETYLCHOLINE_RECEPTORS","logFC","time_index",-0.238095238095238,0.95,-0.816154047863564,0.578151267742396,104,0.570156320815768,"Spearman",8
"757","REACTOME_MUSCLE_CONTRACTION","logFC","time_index",-0.166666666666667,0.95,-0.78971400256287,0.625627578496279,98,0.693238811728395,"Spearman",8
"758","REACTOME_MYD88_INDEPENDENT_TLR4_CASCADE_","logFC","time_index",0.904761904761905,0.95,0.533790356386143,0.983684612861427,7.99999999999998,0.00200827550542945,"Spearman",8
"759","REACTOME_MYOGENESIS","logFC","time_index",0.976190476190476,0.95,0.863510571894565,0.996044086457945,1.99999999999999,3.3143960262001e-05,"Spearman",8
"760","REACTOME_N_GLYCAN_ANTENNAE_ELONGATION","logFC","time_index",-0.404761904761905,0.95,-0.869680291013936,0.440704179922117,118,0.319888641228816,"Spearman",8
"761","REACTOME_N_GLYCAN_ANTENNAE_ELONGATION_IN_THE_MEDIAL_TRANS_GOLGI","logFC","time_index",-0.333333333333333,0.95,-0.848005453057694,0.504900458079174,112,0.419753086419753,"Spearman",8
"762","REACTOME_N_GLYCAN_TRIMMING_AND_ELONGATION_IN_THE_CIS_GOLGI","logFC","time_index",0.523809523809524,0.95,-0.310284135497842,0.902216683622693,40,0.182720750539715,"Spearman",8
"763","REACTOME_N_GLYCAN_TRIMMING_IN_THE_ER_AND_CALNEXIN_CALRETICULIN_CYCLE","logFC","time_index",-0.761904761904762,0.95,-0.956508462065415,-0.0979893634330436,148,0.0280049391530719,"Spearman",8
"764","REACTOME_NA_CL_DEPENDENT_NEUROTRANSMITTER_TRANSPORTERS","logFC","time_index",-0.476190476190476,0.95,-0.889699256957141,0.366513175675711,124,0.232935534650098,"Spearman",8
"765","REACTOME_NADE_MODULATES_DEATH_SIGNALLING","logFC","time_index",0.30952380952381,0.95,-0.524419581436004,0.840376529508442,58,0.455644890737582,"Spearman",8
"766","REACTOME_NCAM_SIGNALING_FOR_NEURITE_OUT_GROWTH","logFC","time_index",0.619047619047619,0.95,-0.177088868349271,0.925474715201005,32,0.101733037454265,"Spearman",8
"767","REACTOME_NCAM1_INTERACTIONS","logFC","time_index",-0.19047619047619,0.95,-0.798792262364635,0.610428419161659,100,0.651401495702482,"Spearman",8
"768","REACTOME_NEDDYLATION","logFC","time_index",-0.857142857142857,0.95,-0.975009179187399,-0.362741761851061,156,0.00653001725471529,"Spearman",8
"769","REACTOME_NEF_AND_SIGNAL_TRANSDUCTION","logFC","time_index",0.642857142857143,0.95,-0.138510908918769,0.930949344815045,30,0.0855588910126731,"Spearman",8
"770","REACTOME_NEF_MEDIATED_CD4_DOWN_REGULATION","logFC","time_index",-0.547619047619048,0.95,-0.908245122495473,0.27979628705577,130,0.160025642538896,"Spearman",8
"771","REACTOME_NEF_MEDIATED_CD8_DOWN_REGULATION","logFC","time_index",-0.833333333333333,0.95,-0.970532340947576,-0.288117791458932,154,0.0101755401234567,"Spearman",8
"772","REACTOME_NEF_MEDIATED_DOWNREGULATION_OF_MHC_CLASS_I_COMPLEX_CELL_SURFACE_EXPRESSION","logFC","time_index",-0.880952380952381,0.95,-0.979392299033486,-0.444295219960863,158,0.00385032046373241,"Spearman",8
"773","REACTOME_NEF_MEDIATES_DOWN_MODULATION_OF_CELL_SURFACE_RECEPTORS_BY_RECRUITING_THEM_TO_CLATHRIN_ADAPTERS","logFC","time_index",-0.761904761904762,0.95,-0.956508462065415,-0.0979893634330436,148,0.0280049391530719,"Spearman",8
"774","REACTOME_NEGATIVE_EPIGENETIC_REGULATION_OF_RRNA_EXPRESSION","logFC","time_index",0.404761904761905,0.95,-0.440704179922117,0.869680291013936,50,0.319888641228816,"Spearman",8
"775","REACTOME_NEGATIVE_FEEDBACK_REGULATION_OF_MAPK_PATHWAY","logFC","time_index",0.547619047619048,0.95,-0.27979628705577,0.908245122495473,38,0.160025642538896,"Spearman",8
"776","REACTOME_NEGATIVE_REGULATION_OF_ACTIVITY_OF_TFAP2_AP_2_FAMILY_TRANSCRIPTION_FACTORS","logFC","time_index",-0.714285714285714,0.95,-0.946631230365405,0.00655536028441005,144,0.0465282322841671,"Spearman",8
"777","REACTOME_NEGATIVE_REGULATION_OF_FGFR1_SIGNALING","logFC","time_index",0.785714285714286,0.95,0.156402242304734,0.961285223464438,18,0.0208151272535253,"Spearman",8
"778","REACTOME_NEGATIVE_REGULATION_OF_FGFR2_SIGNALING","logFC","time_index",0.761904761904762,0.95,0.0979893634330436,0.956508462065415,20,0.0280049391530718,"Spearman",8
"779","REACTOME_NEGATIVE_REGULATION_OF_FGFR3_SIGNALING","logFC","time_index",0.857142857142857,0.95,0.362741761851061,0.975009179187399,12,0.00653001725471527,"Spearman",8
"780","REACTOME_NEGATIVE_REGULATION_OF_FGFR4_SIGNALING","logFC","time_index",0.785714285714286,0.95,0.156402242304734,0.961285223464438,18,0.0208151272535253,"Spearman",8
"781","REACTOME_NEGATIVE_REGULATION_OF_MAPK_PATHWAY","logFC","time_index",-0.142857142857143,0.95,-0.780354412477385,0.640248142039189,96,0.735764859879812,"Spearman",8
"782","REACTOME_NEGATIVE_REGULATION_OF_MET_ACTIVITY","logFC","time_index",0.19047619047619,0.95,-0.610428419161659,0.798792262364635,68,0.651401495702482,"Spearman",8
"783","REACTOME_NEGATIVE_REGULATION_OF_NMDA_RECEPTOR_MEDIATED_NEURONAL_TRANSMISSION","logFC","time_index",-0.166666666666667,0.95,-0.78971400256287,0.625627578496279,98,0.693238811728395,"Spearman",8
"784","REACTOME_NEGATIVE_REGULATION_OF_NOTCH4_SIGNALING","logFC","time_index",-0.880952380952381,0.95,-0.979392299033486,-0.444295219960863,158,0.00385032046373241,"Spearman",8
"785","REACTOME_NEGATIVE_REGULATION_OF_TCF_DEPENDENT_SIGNALING_BY_DVL_INTERACTING_PROTEINS","logFC","time_index",0.571428571428572,0.95,-0.247542976361256,0.914127484841395,36,0.138959957160707,"Spearman",8
"786","REACTOME_NEGATIVE_REGULATION_OF_TCF_DEPENDENT_SIGNALING_BY_WNT_LIGAND_ANTAGONISTS","logFC","time_index",-0.785714285714286,0.95,-0.961285223464438,-0.156402242304734,150,0.0208151272535253,"Spearman",8
"787","REACTOME_NEGATIVE_REGULATION_OF_THE_PI3K_AKT_NETWORK","logFC","time_index",0.761904761904762,0.95,0.0979893634330436,0.956508462065415,20,0.0280049391530718,"Spearman",8
"788","REACTOME_NEGATIVE_REGULATORS_OF_DDX58_IFIH1_SIGNALING","logFC","time_index",-0.261904761904762,0.95,-0.824460431079162,0.560994230299003,106,0.530922861565801,"Spearman",8
"789","REACTOME_NEPHRIN_FAMILY_INTERACTIONS","logFC","time_index",-0.547619047619048,0.95,-0.908245122495473,0.27979628705577,130,0.160025642538896,"Spearman",8
"790","REACTOME_NERVOUS_SYSTEM_DEVELOPMENT","logFC","time_index",0.285714285714286,0.95,-0.54309985976455,0.832531299467683,60,0.492726245016957,"Spearman",8
"791","REACTOME_NETRIN_1_SIGNALING","logFC","time_index",0.666666666666667,0.95,-0.0974064026422894,0.936297449114819,28,0.0709876543209875,"Spearman",8
"792","REACTOME_NETRIN_MEDIATED_REPULSION_SIGNALS","logFC","time_index",0.333333333333333,0.95,-0.504900458079174,0.848005453057694,56,0.419753086419753,"Spearman",8
"793","REACTOME_NEUREXINS_AND_NEUROLIGINS","logFC","time_index",-0.238095238095238,0.95,-0.816154047863564,0.578151267742396,104,0.570156320815768,"Spearman",8
"794","REACTOME_NEUROFASCIN_INTERACTIONS","logFC","time_index",-0.547619047619048,0.95,-0.908245122495473,0.27979628705577,130,0.160025642538896,"Spearman",8
"795","REACTOME_NEURONAL_SYSTEM","logFC","time_index",-0.0952380952380952,0.95,-0.760737258941213,0.667880790009193,92,0.822505430203611,"Spearman",8
"796","REACTOME_NEUROTOXICITY_OF_CLOSTRIDIUM_TOXINS","logFC","time_index",-0.452380952380952,0.95,-0.883198389869668,0.39249447291592,122,0.260404767436885,"Spearman",8
"797","REACTOME_NEUROTRANSMITTER_CLEARANCE","logFC","time_index",0.690476190476191,0.95,-0.0535187438915425,0.941523364223448,26,0.0579903181645727,"Spearman",8
"798","REACTOME_NEUROTRANSMITTER_RECEPTORS_AND_POSTSYNAPTIC_SIGNAL_TRANSMISSION","logFC","time_index",0.0238095238095238,0.95,-0.705727889635272,0.728840360218264,82,0.955374011815881,"Spearman",8
"799","REACTOME_NEUROTRANSMITTER_RELEASE_CYCLE","logFC","time_index",-0.976190476190476,0.95,-0.996044086457945,-0.863510571894565,166,3.3143960262001e-05,"Spearman",8
"800","REACTOME_NEUTROPHIL_DEGRANULATION","logFC","time_index",-0.261904761904762,0.95,-0.824460431079162,0.560994230299003,106,0.530922861565801,"Spearman",8
"801","REACTOME_NF_KB_ACTIVATION_THROUGH_FADD_RIP_1_PATHWAY_MEDIATED_BY_CASPASE_8_AND_10","logFC","time_index",-0.238095238095238,0.95,-0.816154047863564,0.578151267742396,104,0.570156320815768,"Spearman",8
"802","REACTOME_NF_KB_IS_ACTIVATED_AND_SIGNALS_SURVIVAL","logFC","time_index",0.261904761904762,0.95,-0.560994230299003,0.824460431079162,62,0.530922861565801,"Spearman",8
"803","REACTOME_NGF_INDEPENDANT_TRKA_ACTIVATION","logFC","time_index",-0.0238095238095238,0.95,-0.728840360218264,0.705727889635272,86,0.955374011815881,"Spearman",8
"804","REACTOME_NGF_STIMULATED_TRANSCRIPTION","logFC","time_index",0.0238095238095238,0.95,-0.705727889635272,0.728840360218264,82,0.955374011815881,"Spearman",8
"805","REACTOME_NICOTINAMIDE_SALVAGING","logFC","time_index",0.238095238095238,0.95,-0.578151267742396,0.816154047863564,64,0.570156320815768,"Spearman",8
"806","REACTOME_NICOTINATE_METABOLISM","logFC","time_index",-0.452380952380952,0.95,-0.883198389869668,0.39249447291592,122,0.260404767436885,"Spearman",8
"807","REACTOME_NITRIC_OXIDE_STIMULATES_GUANYLATE_CYCLASE","logFC","time_index",0.380952380952381,0.95,-0.463109038011872,0.862649204190628,52,0.351812553117565,"Spearman",8
"808","REACTOME_NOD1_2_SIGNALING_PATHWAY","logFC","time_index",0.5,0.95,-0.339147615348341,0.896036658541189,42,0.20703125,"Spearman",8
"809","REACTOME_NON_INTEGRIN_MEMBRANE_ECM_INTERACTIONS","logFC","time_index",0.690476190476191,0.95,-0.0535187438915425,0.941523364223448,26,0.0579903181645727,"Spearman",8
"810","REACTOME_NONCANONICAL_ACTIVATION_OF_NOTCH3","logFC","time_index",-0.523809523809524,0.95,-0.902216683622693,0.310284135497842,128,0.182720750539715,"Spearman",8
"811","REACTOME_NONHOMOLOGOUS_END_JOINING_NHEJ_","logFC","time_index",-0.0238095238095238,0.95,-0.728840360218264,0.705727889635272,86,0.955374011815881,"Spearman",8
"812","REACTOME_NONSENSE_MEDIATED_DECAY_NMD_","logFC","time_index",0.642857142857143,0.95,-0.138510908918769,0.930949344815045,30,0.0855588910126731,"Spearman",8
"813","REACTOME_NOREPINEPHRINE_NEUROTRANSMITTER_RELEASE_CYCLE","logFC","time_index",-0.571428571428572,0.95,-0.914127484841395,0.247542976361256,132,0.138959957160706,"Spearman",8
"814","REACTOME_NOSTRIN_MEDIATED_ENOS_TRAFFICKING","logFC","time_index",0.428571428571429,0.95,-0.417193948725786,0.876527650057209,48,0.28940322484679,"Spearman",8
"815","REACTOME_NOTCH_HLH_TRANSCRIPTION_PATHWAY","logFC","time_index",0.857142857142857,0.95,0.362741761851061,0.975009179187399,12,0.00653001725471527,"Spearman",8
"816","REACTOME_NOTCH1_INTRACELLULAR_DOMAIN_REGULATES_TRANSCRIPTION","logFC","time_index",0.738095238095238,0.95,0.0438188176793302,0.951625002805919,22,0.0365527610528607,"Spearman",8
"817","REACTOME_NOTCH2_ACTIVATION_AND_TRANSMISSION_OF_SIGNAL_TO_THE_NUCLEUS","logFC","time_index",0.452380952380952,0.95,-0.39249447291592,0.883198389869668,46,0.260404767436885,"Spearman",8
"818","REACTOME_NOTCH2_INTRACELLULAR_DOMAIN_REGULATES_TRANSCRIPTION","logFC","time_index",0.738095238095238,0.95,0.0438188176793302,0.951625002805919,22,0.0365527610528607,"Spearman",8
"819","REACTOME_NOTCH3_ACTIVATION_AND_TRANSMISSION_OF_SIGNAL_TO_THE_NUCLEUS","logFC","time_index",-0.523809523809524,0.95,-0.902216683622693,0.310284135497842,128,0.182720750539715,"Spearman",8
"820","REACTOME_NOTCH3_INTRACELLULAR_DOMAIN_REGULATES_TRANSCRIPTION","logFC","time_index",0.761904761904762,0.95,0.0979893634330436,0.956508462065415,20,0.0280049391530718,"Spearman",8
"821","REACTOME_NOTCH4_ACTIVATION_AND_TRANSMISSION_OF_SIGNAL_TO_THE_NUCLEUS","logFC","time_index",-0.452380952380952,0.95,-0.883198389869668,0.39249447291592,122,0.260404767436885,"Spearman",8
"822","REACTOME_NOTCH4_INTRACELLULAR_DOMAIN_REGULATES_TRANSCRIPTION","logFC","time_index",0.928571428571429,0.95,0.632446585771284,0.987888913611396,5.99999999999999,0.000862968182899978,"Spearman",8
"823","REACTOME_NR1H2_AND_NR1H3_MEDIATED_SIGNALING","logFC","time_index",0.619047619047619,0.95,-0.177088868349271,0.925474715201005,32,0.101733037454265,"Spearman",8
"824","REACTOME_NR1H2_NR1H3_REGULATE_GENE_EXPRESSION_LINKED_TO_GLUCONEOGENESIS_","logFC","time_index",-0.738095238095238,0.95,-0.951625002805919,-0.0438188176793302,146,0.0365527610528608,"Spearman",8
"825","REACTOME_NR1H2_NR1H3_REGULATE_GENE_EXPRESSION_LINKED_TO_LIPOGENESIS","logFC","time_index",0.690476190476191,0.95,-0.0535187438915425,0.941523364223448,26,0.0579903181645727,"Spearman",8
"826","REACTOME_NR1H2_NR1H3_REGULATE_GENE_EXPRESSION_LINKED_TO_TRIGLYCERIDE_LIPOLYSIS_IN_ADIPOSE","logFC","time_index",0.428571428571429,0.95,-0.417193948725786,0.876527650057209,48,0.28940322484679,"Spearman",8
"827","REACTOME_NR1H2_NR1H3_REGULATE_GENE_EXPRESSION_TO_CONTROL_BILE_ACID_HOMEOSTASIS","logFC","time_index",0.261904761904762,0.95,-0.560994230299003,0.824460431079162,62,0.530922861565801,"Spearman",8
"828","REACTOME_NR1H2_NR1H3_REGULATE_GENE_EXPRESSION_TO_LIMIT_CHOLESTEROL_UPTAKE_","logFC","time_index",0.666666666666667,0.95,-0.0974064026422894,0.936297449114819,28,0.0709876543209875,"Spearman",8
"829","REACTOME_NR1H3_NR1H2_REGULATE_GENE_EXPRESSION_LINKED_TO_CHOLESTEROL_TRANSPORT_AND_EFFLUX","logFC","time_index",0.5,0.95,-0.339147615348341,0.896036658541189,42,0.20703125,"Spearman",8
"830","REACTOME_NRAGE_SIGNALS_DEATH_THROUGH_JNK","logFC","time_index",0.738095238095238,0.95,0.0438188176793302,0.951625002805919,22,0.0365527610528607,"Spearman",8
"831","REACTOME_NRCAM_INTERACTIONS","logFC","time_index",0.119047619047619,0.95,-0.654322531330363,0.770700208881839,74,0.77888572605238,"Spearman",8
"832","REACTOME_NRIF_SIGNALS_CELL_DEATH_FROM_THE_NUCLEUS","logFC","time_index",-0.238095238095238,0.95,-0.816154047863564,0.578151267742396,104,0.570156320815768,"Spearman",8
"833","REACTOME_NS1_MEDIATED_EFFECTS_ON_HOST_PATHWAYS","logFC","time_index",0.333333333333333,0.95,-0.504900458079174,0.848005453057694,56,0.419753086419753,"Spearman",8
"834","REACTOME_NTRK2_ACTIVATES_RAC1","logFC","time_index",-0.357142857142857,0.95,-0.855426894378632,0.484484688927055,114,0.385120643556256,"Spearman",8
"835","REACTOME_NUCLEAR_ENVELOPE_BREAKDOWN","logFC","time_index",0.0952380952380952,0.95,-0.667880790009193,0.760737258941213,76,0.822505430203611,"Spearman",8
"836","REACTOME_NUCLEAR_ENVELOPE_NE_REASSEMBLY","logFC","time_index",-0.285714285714286,0.95,-0.832531299467683,0.54309985976455,108,0.492726245016957,"Spearman",8
"837","REACTOME_NUCLEAR_EVENTS_KINASE_AND_TRANSCRIPTION_FACTOR_ACTIVATION_","logFC","time_index",0.452380952380952,0.95,-0.39249447291592,0.883198389869668,46,0.260404767436885,"Spearman",8
"838","REACTOME_NUCLEAR_IMPORT_OF_REV_PROTEIN","logFC","time_index",-0.0238095238095238,0.95,-0.728840360218264,0.705727889635272,86,0.955374011815881,"Spearman",8
"839","REACTOME_NUCLEAR_PORE_COMPLEX_NPC_DISASSEMBLY","logFC","time_index",-0.261904761904762,0.95,-0.824460431079162,0.560994230299003,106,0.530922861565801,"Spearman",8
"840","REACTOME_NUCLEAR_RECEPTOR_TRANSCRIPTION_PATHWAY","logFC","time_index",0.357142857142857,0.95,-0.484484688927055,0.855426894378632,54,0.385120643556256,"Spearman",8
"841","REACTOME_NUCLEAR_SIGNALING_BY_ERBB4","logFC","time_index",-0.404761904761905,0.95,-0.869680291013936,0.440704179922117,118,0.319888641228816,"Spearman",8
"842","REACTOME_NUCLEOBASE_BIOSYNTHESIS","logFC","time_index",-0.0476190476190476,0.95,-0.739823919612768,0.693558462335865,88,0.910849168519584,"Spearman",8
"843","REACTOME_NUCLEOBASE_CATABOLISM","logFC","time_index",0.166666666666667,0.95,-0.625627578496279,0.78971400256287,70,0.693238811728395,"Spearman",8
"844","REACTOME_NUCLEOTIDE_BINDING_DOMAIN_LEUCINE_RICH_REPEAT_CONTAINING_RECEPTOR_NLR_SIGNALING_PATHWAYS","logFC","time_index",0.928571428571429,0.95,0.632446585771284,0.987888913611396,5.99999999999999,0.000862968182899978,"Spearman",8
"845","REACTOME_NUCLEOTIDE_EXCISION_REPAIR","logFC","time_index",0.238095238095238,0.95,-0.578151267742396,0.816154047863564,64,0.570156320815768,"Spearman",8
"846","REACTOME_NUCLEOTIDE_LIKE_PURINERGIC_RECEPTORS","logFC","time_index",0.761904761904762,0.95,0.0979893634330436,0.956508462065415,20,0.0280049391530718,"Spearman",8
"847","REACTOME_NUCLEOTIDE_SALVAGE","logFC","time_index",0.666666666666667,0.95,-0.0974064026422894,0.936297449114819,28,0.0709876543209875,"Spearman",8
"848","REACTOME_O_GLYCOSYLATION_OF_TSR_DOMAIN_CONTAINING_PROTEINS","logFC","time_index",0.0476190476190476,0.95,-0.693558462335865,0.739823919612768,80,0.910849168519584,"Spearman",8
"849","REACTOME_O_LINKED_GLYCOSYLATION","logFC","time_index",-0.30952380952381,0.95,-0.840376529508442,0.524419581436004,110,0.455644890737582,"Spearman",8
"850","REACTOME_O_LINKED_GLYCOSYLATION_OF_MUCINS","logFC","time_index",-0.380952380952381,0.95,-0.862649204190628,0.463109038011872,116,0.351812553117565,"Spearman",8
"851","REACTOME_OAS_ANTIVIRAL_RESPONSE","logFC","time_index",-0.0714285714285714,0.95,-0.750450511180687,0.680950797892829,90,0.866526270675909,"Spearman",8
"852","REACTOME_OLFACTORY_SIGNALING_PATHWAY","logFC","time_index",0.523809523809524,0.95,-0.310284135497842,0.902216683622693,40,0.182720750539715,"Spearman",8
"853","REACTOME_ONCOGENE_INDUCED_SENESCENCE","logFC","time_index",0.880952380952381,0.95,0.444295219960863,0.979392299033486,9.99999999999999,0.0038503204637324,"Spearman",8
"854","REACTOME_ONCOGENIC_MAPK_SIGNALING","logFC","time_index",0.571428571428572,0.95,-0.247542976361256,0.914127484841395,36,0.138959957160707,"Spearman",8
"855","REACTOME_OPIOID_SIGNALLING","logFC","time_index",0.333333333333333,0.95,-0.504900458079174,0.848005453057694,56,0.419753086419753,"Spearman",8
"856","REACTOME_OPSINS","logFC","time_index",0.595238095238095,0.95,-0.213366281883462,0.919869016525818,34,0.119529806138793,"Spearman",8
"857","REACTOME_ORC1_REMOVAL_FROM_CHROMATIN","logFC","time_index",-0.833333333333333,0.95,-0.970532340947576,-0.288117791458932,154,0.0101755401234567,"Spearman",8
"858","REACTOME_OREXIN_AND_NEUROPEPTIDES_FF_AND_QRFP_BIND_TO_THEIR_RESPECTIVE_RECEPTORS","logFC","time_index",-0.428571428571429,0.95,-0.876527650057209,0.417193948725786,120,0.28940322484679,"Spearman",8
"859","REACTOME_ORGANELLE_BIOGENESIS_AND_MAINTENANCE","logFC","time_index",0.285714285714286,0.95,-0.54309985976455,0.832531299467683,60,0.492726245016957,"Spearman",8
"860","REACTOME_ORGANIC_ANION_TRANSPORTERS","logFC","time_index",-0.666666666666667,0.95,-0.936297449114819,0.0974064026422894,140,0.0709876543209875,"Spearman",8
"861","REACTOME_ORGANIC_CATION_ANION_ZWITTERION_TRANSPORT","logFC","time_index",-0.952380952380953,0.95,-0.992007880848522,-0.741746438225775,164,0.000260400024387246,"Spearman",8
"862","REACTOME_ORGANIC_CATION_TRANSPORT","logFC","time_index",-0.642857142857143,0.95,-0.930949344815045,0.138510908918769,138,0.0855588910126729,"Spearman",8
"863","REACTOME_OTHER_INTERLEUKIN_SIGNALING","logFC","time_index",0.404761904761905,0.95,-0.440704179922117,0.869680291013936,50,0.319888641228816,"Spearman",8
"864","REACTOME_OTHER_SEMAPHORIN_INTERACTIONS","logFC","time_index",0.595238095238095,0.95,-0.213366281883462,0.919869016525818,34,0.119529806138793,"Spearman",8
"865","REACTOME_OVARIAN_TUMOR_DOMAIN_PROTEASES","logFC","time_index",-0.357142857142857,0.95,-0.855426894378632,0.484484688927055,114,0.385120643556256,"Spearman",8
"866","REACTOME_OXIDATIVE_STRESS_INDUCED_SENESCENCE","logFC","time_index",0.785714285714286,0.95,0.156402242304734,0.961285223464438,18,0.0208151272535253,"Spearman",8
"867","REACTOME_P130CAS_LINKAGE_TO_MAPK_SIGNALING_FOR_INTEGRINS","logFC","time_index",0.952380952380953,0.95,0.741746438225775,0.992007880848522,3.99999999999999,0.00026040002438725,"Spearman",8
"868","REACTOME_P2Y_RECEPTORS","logFC","time_index",0.714285714285714,0.95,-0.00655536028441005,0.946631230365405,24,0.0465282322841672,"Spearman",8
"869","REACTOME_P38MAPK_EVENTS","logFC","time_index",0.785714285714286,0.95,0.156402242304734,0.961285223464438,18,0.0208151272535253,"Spearman",8
"870","REACTOME_P75_NTR_RECEPTOR_MEDIATED_SIGNALLING","logFC","time_index",0.880952380952381,0.95,0.444295219960863,0.979392299033486,9.99999999999999,0.0038503204637324,"Spearman",8
"871","REACTOME_P75NTR_NEGATIVELY_REGULATES_CELL_CYCLE_VIA_SC1","logFC","time_index",0.238095238095238,0.95,-0.578151267742396,0.816154047863564,64,0.570156320815768,"Spearman",8
"872","REACTOME_P75NTR_RECRUITS_SIGNALLING_COMPLEXES","logFC","time_index",-0.19047619047619,0.95,-0.798792262364635,0.610428419161659,100,0.651401495702482,"Spearman",8
"873","REACTOME_P75NTR_REGULATES_AXONOGENESIS","logFC","time_index",0.80952380952381,0.95,0.219576117261057,0.965958746049703,16,0.0149026676862301,"Spearman",8
"874","REACTOME_P75NTR_SIGNALS_VIA_NF_KB","logFC","time_index",0.333333333333333,0.95,-0.504900458079174,0.848005453057694,56,0.419753086419753,"Spearman",8
"875","REACTOME_PARASITE_INFECTION","logFC","time_index",-0.0714285714285714,0.95,-0.750450511180687,0.680950797892829,90,0.866526270675909,"Spearman",8
"876","REACTOME_PASSIVE_TRANSPORT_BY_AQUAPORINS","logFC","time_index",0.642857142857143,0.95,-0.138510908918769,0.930949344815045,30,0.0855588910126731,"Spearman",8
"877","REACTOME_PCNA_DEPENDENT_LONG_PATCH_BASE_EXCISION_REPAIR","logFC","time_index",-0.428571428571429,0.95,-0.876527650057209,0.417193948725786,120,0.28940322484679,"Spearman",8
"878","REACTOME_PCP_CE_PATHWAY","logFC","time_index",-0.80952380952381,0.95,-0.965958746049703,-0.219576117261057,152,0.0149026676862301,"Spearman",8
"879","REACTOME_PD_1_SIGNALING","logFC","time_index",0.452380952380952,0.95,-0.39249447291592,0.883198389869668,46,0.260404767436885,"Spearman",8
"880","REACTOME_PECAM1_INTERACTIONS","logFC","time_index",0.761904761904762,0.95,0.0979893634330436,0.956508462065415,20,0.0280049391530718,"Spearman",8
"881","REACTOME_PENTOSE_PHOSPHATE_PATHWAY","logFC","time_index",0.80952380952381,0.95,0.219576117261057,0.965958746049703,16,0.0149026676862301,"Spearman",8
"882","REACTOME_PEPTIDE_HORMONE_BIOSYNTHESIS","logFC","time_index",-0.547619047619048,0.95,-0.908245122495473,0.27979628705577,130,0.160025642538896,"Spearman",8
"883","REACTOME_PEPTIDE_HORMONE_METABOLISM","logFC","time_index",-0.714285714285714,0.95,-0.946631230365405,0.00655536028441005,144,0.0465282322841671,"Spearman",8
"884","REACTOME_PEPTIDE_LIGAND_BINDING_RECEPTORS","logFC","time_index",-0.404761904761905,0.95,-0.869680291013936,0.440704179922117,118,0.319888641228816,"Spearman",8
"885","REACTOME_PERK_REGULATES_GENE_EXPRESSION","logFC","time_index",0.30952380952381,0.95,-0.524419581436004,0.840376529508442,58,0.455644890737582,"Spearman",8
"886","REACTOME_PEROXISOMAL_LIPID_METABOLISM","logFC","time_index",-0.714285714285714,0.95,-0.946631230365405,0.00655536028441005,144,0.0465282322841671,"Spearman",8
"887","REACTOME_PEROXISOMAL_PROTEIN_IMPORT","logFC","time_index",-0.571428571428572,0.95,-0.914127484841395,0.247542976361256,132,0.138959957160706,"Spearman",8
"888","REACTOME_PEXOPHAGY","logFC","time_index",0.714285714285714,0.95,-0.00655536028441005,0.946631230365405,24,0.0465282322841672,"Spearman",8
"889","REACTOME_PHASE_0_RAPID_DEPOLARISATION","logFC","time_index",-0.880952380952381,0.95,-0.979392299033486,-0.444295219960863,158,0.00385032046373241,"Spearman",8
"890","REACTOME_PHASE_1_INACTIVATION_OF_FAST_NA_CHANNELS","logFC","time_index",0.0476190476190476,0.95,-0.693558462335865,0.739823919612768,80,0.910849168519584,"Spearman",8
"891","REACTOME_PHASE_2_PLATEAU_PHASE","logFC","time_index",-0.642857142857143,0.95,-0.930949344815045,0.138510908918769,138,0.0855588910126729,"Spearman",8
"892","REACTOME_PHASE_3_RAPID_REPOLARISATION","logFC","time_index",-0.142857142857143,0.95,-0.780354412477385,0.640248142039189,96,0.735764859879812,"Spearman",8
"893","REACTOME_PHASE_4_RESTING_MEMBRANE_POTENTIAL","logFC","time_index",-0.0476190476190476,0.95,-0.739823919612768,0.693558462335865,88,0.910849168519584,"Spearman",8
"894","REACTOME_PHASE_I_FUNCTIONALIZATION_OF_COMPOUNDS","logFC","time_index",-0.5,0.95,-0.896036658541189,0.339147615348341,126,0.20703125,"Spearman",8
"895","REACTOME_PHASE_II_CONJUGATION_OF_COMPOUNDS","logFC","time_index",-0.690476190476191,0.95,-0.941523364223448,0.0535187438915425,142,0.0579903181645726,"Spearman",8
"896","REACTOME_PHENYLALANINE_AND_TYROSINE_METABOLISM","logFC","time_index",0.595238095238095,0.95,-0.213366281883462,0.919869016525818,34,0.119529806138793,"Spearman",8
"897","REACTOME_PHOSPHATE_BOND_HYDROLYSIS_BY_NTPDASE_PROTEINS","logFC","time_index",-0.595238095238095,0.95,-0.919869016525818,0.213366281883462,134,0.119529806138793,"Spearman",8
"898","REACTOME_PHOSPHATE_BOND_HYDROLYSIS_BY_NUDT_PROTEINS","logFC","time_index",0.404761904761905,0.95,-0.440704179922117,0.869680291013936,50,0.319888641228816,"Spearman",8
"899","REACTOME_PHOSPHOLIPASE_C_MEDIATED_CASCADE_FGFR2","logFC","time_index",0.666666666666667,0.95,-0.0974064026422894,0.936297449114819,28,0.0709876543209875,"Spearman",8
"900","REACTOME_PHOSPHOLIPASE_C_MEDIATED_CASCADE_FGFR4","logFC","time_index",0.833333333333333,0.95,0.288117791458932,0.970532340947576,14,0.0101755401234568,"Spearman",8
"901","REACTOME_PHOSPHOLIPID_METABOLISM","logFC","time_index",-0.119047619047619,0.95,-0.770700208881839,0.654322531330363,94,0.77888572605238,"Spearman",8
"902","REACTOME_PHOSPHORYLATION_OF_EMI1","logFC","time_index",-0.666666666666667,0.95,-0.936297449114819,0.0974064026422894,140,0.0709876543209875,"Spearman",8
"903","REACTOME_PHOSPHORYLATION_OF_THE_APC_C","logFC","time_index",-0.761904761904762,0.95,-0.956508462065415,-0.0979893634330436,148,0.0280049391530719,"Spearman",8
"904","REACTOME_PHOSPHORYLATION_SITE_MUTANTS_OF_CTNNB1_ARE_NOT_TARGETED_TO_THE_PROTEASOME_BY_THE_DESTRUCTION_COMPLEX","logFC","time_index",0.785714285714286,0.95,0.156402242304734,0.961285223464438,18,0.0208151272535253,"Spearman",8
"905","REACTOME_PHYSIOLOGICAL_FACTORS","logFC","time_index",0.523809523809524,0.95,-0.310284135497842,0.902216683622693,40,0.182720750539715,"Spearman",8
"906","REACTOME_PI_3K_CASCADE_FGFR1","logFC","time_index",0.547619047619048,0.95,-0.27979628705577,0.908245122495473,38,0.160025642538896,"Spearman",8
"907","REACTOME_PI_3K_CASCADE_FGFR2","logFC","time_index",0.428571428571429,0.95,-0.417193948725786,0.876527650057209,48,0.28940322484679,"Spearman",8
"908","REACTOME_PI_3K_CASCADE_FGFR3","logFC","time_index",0.595238095238095,0.95,-0.213366281883462,0.919869016525818,34,0.119529806138793,"Spearman",8
"909","REACTOME_PI_3K_CASCADE_FGFR4","logFC","time_index",0.547619047619048,0.95,-0.27979628705577,0.908245122495473,38,0.160025642538896,"Spearman",8
"910","REACTOME_PI_METABOLISM","logFC","time_index",-0.80952380952381,0.95,-0.965958746049703,-0.219576117261057,152,0.0149026676862301,"Spearman",8
"911","REACTOME_PI3K_AKT_ACTIVATION","logFC","time_index",0.333333333333333,0.95,-0.504900458079174,0.848005453057694,56,0.419753086419753,"Spearman",8
"912","REACTOME_PI3K_AKT_SIGNALING_IN_CANCER","logFC","time_index",0.761904761904762,0.95,0.0979893634330436,0.956508462065415,20,0.0280049391530718,"Spearman",8
"913","REACTOME_PI3K_EVENTS_IN_ERBB2_SIGNALING","logFC","time_index",0.333333333333333,0.95,-0.504900458079174,0.848005453057694,56,0.419753086419753,"Spearman",8
"914","REACTOME_PI3K_EVENTS_IN_ERBB4_SIGNALING","logFC","time_index",-0.452380952380952,0.95,-0.883198389869668,0.39249447291592,122,0.260404767436885,"Spearman",8
"915","REACTOME_PI5P_REGULATES_TP53_ACETYLATION","logFC","time_index",0.547619047619048,0.95,-0.27979628705577,0.908245122495473,38,0.160025642538896,"Spearman",8
"916","REACTOME_PINK1_PRKN_MEDIATED_MITOPHAGY","logFC","time_index",-0.285714285714286,0.95,-0.832531299467683,0.54309985976455,108,0.492726245016957,"Spearman",8
"917","REACTOME_PIWI_INTERACTING_RNA_PIRNA_BIOGENESIS","logFC","time_index",-0.0476190476190476,0.95,-0.739823919612768,0.693558462335865,88,0.910849168519584,"Spearman",8
"918","REACTOME_PKA_ACTIVATION_IN_GLUCAGON_SIGNALLING","logFC","time_index",0.666666666666667,0.95,-0.0974064026422894,0.936297449114819,28,0.0709876543209875,"Spearman",8
"919","REACTOME_PKA_MEDIATED_PHOSPHORYLATION_OF_CREB","logFC","time_index",0.5,0.95,-0.339147615348341,0.896036658541189,42,0.20703125,"Spearman",8
"920","REACTOME_PKA_MEDIATED_PHOSPHORYLATION_OF_KEY_METABOLIC_FACTORS","logFC","time_index",-0.357142857142857,0.95,-0.855426894378632,0.484484688927055,114,0.385120643556256,"Spearman",8
"921","REACTOME_PKMTS_METHYLATE_HISTONE_LYSINES","logFC","time_index",0.880952380952381,0.95,0.444295219960863,0.979392299033486,9.99999999999999,0.0038503204637324,"Spearman",8
"922","REACTOME_PLASMA_LIPOPROTEIN_ASSEMBLY","logFC","time_index",-0.761904761904762,0.95,-0.956508462065415,-0.0979893634330436,148,0.0280049391530719,"Spearman",8
"923","REACTOME_PLASMA_LIPOPROTEIN_ASSEMBLY_REMODELING_AND_CLEARANCE","logFC","time_index",-0.619047619047619,0.95,-0.925474715201005,0.177088868349271,136,0.101733037454265,"Spearman",8
"924","REACTOME_PLASMA_LIPOPROTEIN_CLEARANCE","logFC","time_index",0.571428571428572,0.95,-0.247542976361256,0.914127484841395,36,0.138959957160707,"Spearman",8
"925","REACTOME_PLASMA_LIPOPROTEIN_REMODELING","logFC","time_index",-0.666666666666667,0.95,-0.936297449114819,0.0974064026422894,140,0.0709876543209875,"Spearman",8
"926","REACTOME_PLATELET_ACTIVATION_SIGNALING_AND_AGGREGATION","logFC","time_index",0.690476190476191,0.95,-0.0535187438915425,0.941523364223448,26,0.0579903181645727,"Spearman",8
"927","REACTOME_PLATELET_ADHESION_TO_EXPOSED_COLLAGEN","logFC","time_index",0.785714285714286,0.95,0.156402242304734,0.961285223464438,18,0.0208151272535253,"Spearman",8
"928","REACTOME_PLATELET_AGGREGATION_PLUG_FORMATION_","logFC","time_index",0.619047619047619,0.95,-0.177088868349271,0.925474715201005,32,0.101733037454265,"Spearman",8
"929","REACTOME_PLATELET_CALCIUM_HOMEOSTASIS","logFC","time_index",0.19047619047619,0.95,-0.610428419161659,0.798792262364635,68,0.651401495702482,"Spearman",8
"930","REACTOME_PLATELET_HOMEOSTASIS","logFC","time_index",0.119047619047619,0.95,-0.654322531330363,0.770700208881839,74,0.77888572605238,"Spearman",8
"931","REACTOME_PLATELET_SENSITIZATION_BY_LDL","logFC","time_index",0.0476190476190476,0.95,-0.693558462335865,0.739823919612768,80,0.910849168519584,"Spearman",8
"932","REACTOME_POLB_DEPENDENT_LONG_PATCH_BASE_EXCISION_REPAIR","logFC","time_index",-0.738095238095238,0.95,-0.951625002805919,-0.0438188176793302,146,0.0365527610528608,"Spearman",8
"933","REACTOME_POLO_LIKE_KINASE_MEDIATED_EVENTS","logFC","time_index",-0.857142857142857,0.95,-0.975009179187399,-0.362741761851061,156,0.00653001725471529,"Spearman",8
"934","REACTOME_POLYMERASE_SWITCHING","logFC","time_index",-0.595238095238095,0.95,-0.919869016525818,0.213366281883462,134,0.119529806138793,"Spearman",8
"935","REACTOME_POLYMERASE_SWITCHING_ON_THE_C_STRAND_OF_THE_TELOMERE","logFC","time_index",-0.19047619047619,0.95,-0.798792262364635,0.610428419161659,100,0.651401495702482,"Spearman",8
"936","REACTOME_POSITIVE_EPIGENETIC_REGULATION_OF_RRNA_EXPRESSION","logFC","time_index",0.380952380952381,0.95,-0.463109038011872,0.862649204190628,52,0.351812553117565,"Spearman",8
"937","REACTOME_POST_CHAPERONIN_TUBULIN_FOLDING_PATHWAY","logFC","time_index",-0.642857142857143,0.95,-0.930949344815045,0.138510908918769,138,0.0855588910126729,"Spearman",8
"938","REACTOME_POST_TRANSLATIONAL_MODIFICATION_SYNTHESIS_OF_GPI_ANCHORED_PROTEINS","logFC","time_index",-0.880952380952381,0.95,-0.979392299033486,-0.444295219960863,158,0.00385032046373241,"Spearman",8
"939","REACTOME_POST_TRANSLATIONAL_PROTEIN_MODIFICATION","logFC","time_index",-0.547619047619048,0.95,-0.908245122495473,0.27979628705577,130,0.160025642538896,"Spearman",8
"940","REACTOME_POSTMITOTIC_NUCLEAR_PORE_COMPLEX_NPC_REFORMATION","logFC","time_index",-0.333333333333333,0.95,-0.848005453057694,0.504900458079174,112,0.419753086419753,"Spearman",8
"941","REACTOME_POTASSIUM_CHANNELS","logFC","time_index",-0.333333333333333,0.95,-0.848005453057694,0.504900458079174,112,0.419753086419753,"Spearman",8
"942","REACTOME_POTENTIAL_THERAPEUTICS_FOR_SARS","logFC","time_index",0.428571428571429,0.95,-0.417193948725786,0.876527650057209,48,0.28940322484679,"Spearman",8
"943","REACTOME_POU5F1_OCT4_SOX2_NANOG_ACTIVATE_GENES_RELATED_TO_PROLIFERATION","logFC","time_index",0.571428571428572,0.95,-0.247542976361256,0.914127484841395,36,0.138959957160707,"Spearman",8
"944","REACTOME_POU5F1_OCT4_SOX2_NANOG_REPRESS_GENES_RELATED_TO_DIFFERENTIATION","logFC","time_index",-0.380952380952381,0.95,-0.862649204190628,0.463109038011872,116,0.351812553117565,"Spearman",8
"945","REACTOME_PP2A_MEDIATED_DEPHOSPHORYLATION_OF_KEY_METABOLIC_FACTORS","logFC","time_index",-0.571428571428572,0.95,-0.914127484841395,0.247542976361256,132,0.138959957160706,"Spearman",8
"946","REACTOME_PRC2_METHYLATES_HISTONES_AND_DNA","logFC","time_index",0.452380952380952,0.95,-0.39249447291592,0.883198389869668,46,0.260404767436885,"Spearman",8
"947","REACTOME_PRE_NOTCH_EXPRESSION_AND_PROCESSING","logFC","time_index",0.0714285714285714,0.95,-0.680950797892829,0.750450511180687,78,0.866526270675909,"Spearman",8
"948","REACTOME_PRE_NOTCH_PROCESSING_IN_GOLGI","logFC","time_index",-0.619047619047619,0.95,-0.925474715201005,0.177088868349271,136,0.101733037454265,"Spearman",8
"949","REACTOME_PRE_NOTCH_PROCESSING_IN_THE_ENDOPLASMIC_RETICULUM","logFC","time_index",0.0714285714285714,0.95,-0.680950797892829,0.750450511180687,78,0.866526270675909,"Spearman",8
"950","REACTOME_PREGNENOLONE_BIOSYNTHESIS","logFC","time_index",-0.238095238095238,0.95,-0.816154047863564,0.578151267742396,104,0.570156320815768,"Spearman",8
"951","REACTOME_PRESYNAPTIC_DEPOLARIZATION_AND_CALCIUM_CHANNEL_OPENING","logFC","time_index",-0.523809523809524,0.95,-0.902216683622693,0.310284135497842,128,0.182720750539715,"Spearman",8
"952","REACTOME_PRESYNAPTIC_FUNCTION_OF_KAINATE_RECEPTORS","logFC","time_index",0.19047619047619,0.95,-0.610428419161659,0.798792262364635,68,0.651401495702482,"Spearman",8
"953","REACTOME_PREVENTION_OF_PHAGOSOMAL_LYSOSOMAL_FUSION","logFC","time_index",0.0476190476190476,0.95,-0.693558462335865,0.739823919612768,80,0.910849168519584,"Spearman",8
"954","REACTOME_PROCESSING_AND_ACTIVATION_OF_SUMO","logFC","time_index",-0.119047619047619,0.95,-0.770700208881839,0.654322531330363,94,0.77888572605238,"Spearman",8
"955","REACTOME_PROCESSING_OF_CAPPED_INTRON_CONTAINING_PRE_MRNA","logFC","time_index",0.428571428571429,0.95,-0.417193948725786,0.876527650057209,48,0.28940322484679,"Spearman",8
"956","REACTOME_PROCESSING_OF_CAPPED_INTRONLESS_PRE_MRNA","logFC","time_index",-0.0476190476190476,0.95,-0.739823919612768,0.693558462335865,88,0.910849168519584,"Spearman",8
"957","REACTOME_PROCESSING_OF_DNA_DOUBLE_STRAND_BREAK_ENDS","logFC","time_index",-0.380952380952381,0.95,-0.862649204190628,0.463109038011872,116,0.351812553117565,"Spearman",8
"958","REACTOME_PROCESSING_OF_INTRONLESS_PRE_MRNAS","logFC","time_index",-0.333333333333333,0.95,-0.848005453057694,0.504900458079174,112,0.419753086419753,"Spearman",8
"959","REACTOME_PROCESSING_OF_SMDT1","logFC","time_index",-0.166666666666667,0.95,-0.78971400256287,0.625627578496279,98,0.693238811728395,"Spearman",8
"960","REACTOME_PROCESSIVE_SYNTHESIS_ON_THE_C_STRAND_OF_THE_TELOMERE","logFC","time_index",0.214285714285714,0.95,-0.594615624587475,0.807601688398822,66,0.610344415645267,"Spearman",8
"961","REACTOME_PROCESSIVE_SYNTHESIS_ON_THE_LAGGING_STRAND","logFC","time_index",-0.380952380952381,0.95,-0.862649204190628,0.463109038011872,116,0.351812553117565,"Spearman",8
"962","REACTOME_PROGRAMMED_CELL_DEATH","logFC","time_index",0.119047619047619,0.95,-0.654322531330363,0.770700208881839,74,0.77888572605238,"Spearman",8
"963","REACTOME_PROLACTIN_RECEPTOR_SIGNALING","logFC","time_index",0.452380952380952,0.95,-0.39249447291592,0.883198389869668,46,0.260404767436885,"Spearman",8
"964","REACTOME_PROLONGED_ERK_ACTIVATION_EVENTS","logFC","time_index",0.214285714285714,0.95,-0.594615624587475,0.807601688398822,66,0.610344415645267,"Spearman",8
"965","REACTOME_PROSTACYCLIN_SIGNALLING_THROUGH_PROSTACYCLIN_RECEPTOR","logFC","time_index",-0.19047619047619,0.95,-0.798792262364635,0.610428419161659,100,0.651401495702482,"Spearman",8
"966","REACTOME_PROSTANOID_LIGAND_RECEPTORS","logFC","time_index",0.595238095238095,0.95,-0.213366281883462,0.919869016525818,34,0.119529806138793,"Spearman",8
"967","REACTOME_PROTEIN_FOLDING","logFC","time_index",-0.214285714285714,0.95,-0.807601688398822,0.594615624587475,102,0.610344415645267,"Spearman",8
"968","REACTOME_PROTEIN_LOCALIZATION","logFC","time_index",-0.404761904761905,0.95,-0.869680291013936,0.440704179922117,118,0.319888641228816,"Spearman",8
"969","REACTOME_PROTEIN_METHYLATION","logFC","time_index",-0.19047619047619,0.95,-0.798792262364635,0.610428419161659,100,0.651401495702482,"Spearman",8
"970","REACTOME_PROTEIN_PROTEIN_INTERACTIONS_AT_SYNAPSES","logFC","time_index",0.19047619047619,0.95,-0.610428419161659,0.798792262364635,68,0.651401495702482,"Spearman",8
"971","REACTOME_PROTEIN_REPAIR","logFC","time_index",0.0476190476190476,0.95,-0.693558462335865,0.739823919612768,80,0.910849168519584,"Spearman",8
"972","REACTOME_PROTEIN_UBIQUITINATION","logFC","time_index",-0.0952380952380952,0.95,-0.760737258941213,0.667880790009193,92,0.822505430203611,"Spearman",8
"973","REACTOME_PROTON_COUPLED_MONOCARBOXYLATE_TRANSPORT","logFC","time_index",0.0714285714285714,0.95,-0.680950797892829,0.750450511180687,78,0.866526270675909,"Spearman",8
"974","REACTOME_PTEN_REGULATION","logFC","time_index",-0.595238095238095,0.95,-0.919869016525818,0.213366281883462,134,0.119529806138793,"Spearman",8
"975","REACTOME_PTK6_REGULATES_CELL_CYCLE","logFC","time_index",0.214285714285714,0.95,-0.594615624587475,0.807601688398822,66,0.610344415645267,"Spearman",8
"976","REACTOME_PTK6_REGULATES_RHO_GTPASES_RAS_GTPASE_AND_MAP_KINASES","logFC","time_index",0.547619047619048,0.95,-0.27979628705577,0.908245122495473,38,0.160025642538896,"Spearman",8
"977","REACTOME_PTK6_REGULATES_RTKS_AND_THEIR_EFFECTORS_AKT1_AND_DOK1","logFC","time_index",0.238095238095238,0.95,-0.578151267742396,0.816154047863564,64,0.570156320815768,"Spearman",8
"978","REACTOME_PURINE_CATABOLISM","logFC","time_index",0.261904761904762,0.95,-0.560994230299003,0.824460431079162,62,0.530922861565801,"Spearman",8
"979","REACTOME_PURINE_RIBONUCLEOSIDE_MONOPHOSPHATE_BIOSYNTHESIS","logFC","time_index",0.214285714285714,0.95,-0.594615624587475,0.807601688398822,66,0.610344415645267,"Spearman",8
"980","REACTOME_PURINE_SALVAGE","logFC","time_index",0.666666666666667,0.95,-0.0974064026422894,0.936297449114819,28,0.0709876543209875,"Spearman",8
"981","REACTOME_PURINERGIC_SIGNALING_IN_LEISHMANIASIS_INFECTION","logFC","time_index",0.5,0.95,-0.339147615348341,0.896036658541189,42,0.20703125,"Spearman",8
"982","REACTOME_PYRIMIDINE_CATABOLISM","logFC","time_index",0.5,0.95,-0.339147615348341,0.896036658541189,42,0.20703125,"Spearman",8
"983","REACTOME_PYRIMIDINE_SALVAGE","logFC","time_index",0.166666666666667,0.95,-0.625627578496279,0.78971400256287,70,0.693238811728395,"Spearman",8
"984","REACTOME_PYRUVATE_METABOLISM","logFC","time_index",-0.80952380952381,0.95,-0.965958746049703,-0.219576117261057,152,0.0149026676862301,"Spearman",8
"985","REACTOME_PYRUVATE_METABOLISM_AND_CITRIC_ACID_TCA_CYCLE","logFC","time_index",-0.642857142857143,0.95,-0.930949344815045,0.138510908918769,138,0.0855588910126729,"Spearman",8
"986","REACTOME_RA_BIOSYNTHESIS_PATHWAY","logFC","time_index",0.119047619047619,0.95,-0.654322531330363,0.770700208881839,74,0.77888572605238,"Spearman",8
"987","REACTOME_RAB_GEFS_EXCHANGE_GTP_FOR_GDP_ON_RABS","logFC","time_index",-0.690476190476191,0.95,-0.941523364223448,0.0535187438915425,142,0.0579903181645726,"Spearman",8
"988","REACTOME_RAB_GERANYLGERANYLATION","logFC","time_index",-0.0952380952380952,0.95,-0.760737258941213,0.667880790009193,92,0.822505430203611,"Spearman",8
"989","REACTOME_RAB_REGULATION_OF_TRAFFICKING","logFC","time_index",-0.595238095238095,0.95,-0.919869016525818,0.213366281883462,134,0.119529806138793,"Spearman",8
"990","REACTOME_RAF_ACTIVATION","logFC","time_index",-0.30952380952381,0.95,-0.840376529508442,0.524419581436004,110,0.455644890737582,"Spearman",8
"991","REACTOME_RAF_INDEPENDENT_MAPK1_3_ACTIVATION","logFC","time_index",0.452380952380952,0.95,-0.39249447291592,0.883198389869668,46,0.260404767436885,"Spearman",8
"992","REACTOME_RAP1_SIGNALLING","logFC","time_index",-0.642857142857143,0.95,-0.930949344815045,0.138510908918769,138,0.0855588910126729,"Spearman",8
"993","REACTOME_RAS_ACTIVATION_UPON_CA2_INFLUX_THROUGH_NMDA_RECEPTOR","logFC","time_index",-0.428571428571429,0.95,-0.876527650057209,0.417193948725786,120,0.28940322484679,"Spearman",8
"994","REACTOME_RAS_PROCESSING","logFC","time_index",0.690476190476191,0.95,-0.0535187438915425,0.941523364223448,26,0.0579903181645727,"Spearman",8
"995","REACTOME_REACTIONS_SPECIFIC_TO_THE_COMPLEX_N_GLYCAN_SYNTHESIS_PATHWAY","logFC","time_index",-0.119047619047619,0.95,-0.770700208881839,0.654322531330363,94,0.77888572605238,"Spearman",8
"996","REACTOME_RECEPTOR_MEDIATED_MITOPHAGY","logFC","time_index",-0.0476190476190476,0.95,-0.739823919612768,0.693558462335865,88,0.910849168519584,"Spearman",8
"997","REACTOME_RECEPTOR_TYPE_TYROSINE_PROTEIN_PHOSPHATASES","logFC","time_index",0.0952380952380952,0.95,-0.667880790009193,0.760737258941213,76,0.822505430203611,"Spearman",8
"998","REACTOME_RECOGNITION_AND_ASSOCIATION_OF_DNA_GLYCOSYLASE_WITH_SITE_CONTAINING_AN_AFFECTED_PURINE","logFC","time_index",0.714285714285714,0.95,-0.00655536028441005,0.946631230365405,24,0.0465282322841672,"Spearman",8
"999","REACTOME_RECOGNITION_OF_DNA_DAMAGE_BY_PCNA_CONTAINING_REPLICATION_COMPLEX","logFC","time_index",-0.428571428571429,0.95,-0.876527650057209,0.417193948725786,120,0.28940322484679,"Spearman",8
"1000","REACTOME_RECRUITMENT_OF_MITOTIC_CENTROSOME_PROTEINS_AND_COMPLEXES","logFC","time_index",0.0476190476190476,0.95,-0.693558462335865,0.739823919612768,80,0.910849168519584,"Spearman",8
"1001","REACTOME_RECRUITMENT_OF_NUMA_TO_MITOTIC_CENTROSOMES","logFC","time_index",0.214285714285714,0.95,-0.594615624587475,0.807601688398822,66,0.610344415645267,"Spearman",8
"1002","REACTOME_RECYCLING_OF_BILE_ACIDS_AND_SALTS","logFC","time_index",-0.690476190476191,0.95,-0.941523364223448,0.0535187438915425,142,0.0579903181645726,"Spearman",8
"1003","REACTOME_RECYCLING_OF_EIF2_GDP","logFC","time_index",-0.880952380952381,0.95,-0.979392299033486,-0.444295219960863,158,0.00385032046373241,"Spearman",8
"1004","REACTOME_RECYCLING_PATHWAY_OF_L1","logFC","time_index",0.214285714285714,0.95,-0.594615624587475,0.807601688398822,66,0.610344415645267,"Spearman",8
"1005","REACTOME_REDUCTION_OF_CYTOSOLIC_CA_LEVELS","logFC","time_index",-0.357142857142857,0.95,-0.855426894378632,0.484484688927055,114,0.385120643556256,"Spearman",8
"1006","REACTOME_REELIN_SIGNALLING_PATHWAY","logFC","time_index",0.285714285714286,0.95,-0.54309985976455,0.832531299467683,60,0.492726245016957,"Spearman",8
"1007","REACTOME_REGULATED_PROTEOLYSIS_OF_P75NTR","logFC","time_index",-0.404761904761905,0.95,-0.869680291013936,0.440704179922117,118,0.319888641228816,"Spearman",8
"1008","REACTOME_REGULATION_BY_C_FLIP","logFC","time_index",0.714285714285714,0.95,-0.00655536028441005,0.946631230365405,24,0.0465282322841672,"Spearman",8
"1009","REACTOME_REGULATION_OF_BETA_CELL_DEVELOPMENT","logFC","time_index",0.119047619047619,0.95,-0.654322531330363,0.770700208881839,74,0.77888572605238,"Spearman",8
"1010","REACTOME_REGULATION_OF_CHOLESTEROL_BIOSYNTHESIS_BY_SREBP_SREBF_","logFC","time_index",-0.142857142857143,0.95,-0.780354412477385,0.640248142039189,96,0.735764859879812,"Spearman",8
"1011","REACTOME_REGULATION_OF_COMMISSURAL_AXON_PATHFINDING_BY_SLIT_AND_ROBO","logFC","time_index",0.523809523809524,0.95,-0.310284135497842,0.902216683622693,40,0.182720750539715,"Spearman",8
"1012","REACTOME_REGULATION_OF_CYTOSKELETAL_REMODELING_AND_CELL_SPREADING_BY_IPP_COMPLEX_COMPONENTS","logFC","time_index",0.880952380952381,0.95,0.444295219960863,0.979392299033486,9.99999999999999,0.0038503204637324,"Spearman",8
"1013","REACTOME_REGULATION_OF_EXPRESSION_OF_SLITS_AND_ROBOS","logFC","time_index",0.0476190476190476,0.95,-0.693558462335865,0.739823919612768,80,0.910849168519584,"Spearman",8
"1014","REACTOME_REGULATION_OF_FOXO_TRANSCRIPTIONAL_ACTIVITY_BY_ACETYLATION","logFC","time_index",0.285714285714286,0.95,-0.54309985976455,0.832531299467683,60,0.492726245016957,"Spearman",8
"1015","REACTOME_REGULATION_OF_FZD_BY_UBIQUITINATION","logFC","time_index",0.30952380952381,0.95,-0.524419581436004,0.840376529508442,58,0.455644890737582,"Spearman",8
"1016","REACTOME_REGULATION_OF_GENE_EXPRESSION_BY_HYPOXIA_INDUCIBLE_FACTOR","logFC","time_index",0.0952380952380952,0.95,-0.667880790009193,0.760737258941213,76,0.822505430203611,"Spearman",8
"1017","REACTOME_REGULATION_OF_GENE_EXPRESSION_IN_BETA_CELLS","logFC","time_index",-0.428571428571429,0.95,-0.876527650057209,0.417193948725786,120,0.28940322484679,"Spearman",8
"1018","REACTOME_REGULATION_OF_GENE_EXPRESSION_IN_EARLY_PANCREATIC_PRECURSOR_CELLS","logFC","time_index",0,0.95,-0.717481538866778,0.717481538866778,84,1,"Spearman",8
"1019","REACTOME_REGULATION_OF_GENE_EXPRESSION_IN_LATE_STAGE_BRANCHING_MORPHOGENESIS_PANCREATIC_BUD_PRECURSOR_CELLS","logFC","time_index",0.595238095238095,0.95,-0.213366281883462,0.919869016525818,34,0.119529806138793,"Spearman",8
"1020","REACTOME_REGULATION_OF_GLUCOKINASE_BY_GLUCOKINASE_REGULATORY_PROTEIN","logFC","time_index",0.0476190476190476,0.95,-0.693558462335865,0.739823919612768,80,0.910849168519584,"Spearman",8
"1021","REACTOME_REGULATION_OF_GLYCOLYSIS_BY_FRUCTOSE_2_6_BISPHOSPHATE_METABOLISM","logFC","time_index",0.214285714285714,0.95,-0.594615624587475,0.807601688398822,66,0.610344415645267,"Spearman",8
"1022","REACTOME_REGULATION_OF_HSF1_MEDIATED_HEAT_SHOCK_RESPONSE","logFC","time_index",-0.833333333333333,0.95,-0.970532340947576,-0.288117791458932,154,0.0101755401234567,"Spearman",8
"1023","REACTOME_REGULATION_OF_IFNA_SIGNALING","logFC","time_index",0,0.95,-0.717481538866778,0.717481538866778,84,1,"Spearman",8
"1024","REACTOME_REGULATION_OF_IFNG_SIGNALING","logFC","time_index",-0.261904761904762,0.95,-0.824460431079162,0.560994230299003,106,0.530922861565801,"Spearman",8
"1025","REACTOME_REGULATION_OF_INNATE_IMMUNE_RESPONSES_TO_CYTOSOLIC_DNA","logFC","time_index",-0.333333333333333,0.95,-0.848005453057694,0.504900458079174,112,0.419753086419753,"Spearman",8
"1026","REACTOME_REGULATION_OF_INSULIN_LIKE_GROWTH_FACTOR_IGF_TRANSPORT_AND_UPTAKE_BY_INSULIN_LIKE_GROWTH_FACTOR_BINDING_PROTEINS_IGFBPS_","logFC","time_index",0.714285714285714,0.95,-0.00655536028441005,0.946631230365405,24,0.0465282322841672,"Spearman",8
"1027","REACTOME_REGULATION_OF_INSULIN_SECRETION","logFC","time_index",0.476190476190476,0.95,-0.366513175675711,0.889699256957141,44,0.232935534650098,"Spearman",8
"1028","REACTOME_REGULATION_OF_KIT_SIGNALING","logFC","time_index",0.690476190476191,0.95,-0.0535187438915425,0.941523364223448,26,0.0579903181645727,"Spearman",8
"1029","REACTOME_REGULATION_OF_LIPID_METABOLISM_BY_PPARALPHA","logFC","time_index",0.333333333333333,0.95,-0.504900458079174,0.848005453057694,56,0.419753086419753,"Spearman",8
"1030","REACTOME_REGULATION_OF_LOCALIZATION_OF_FOXO_TRANSCRIPTION_FACTORS","logFC","time_index",-0.357142857142857,0.95,-0.855426894378632,0.484484688927055,114,0.385120643556256,"Spearman",8
"1031","REACTOME_REGULATION_OF_MECP2_EXPRESSION_AND_ACTIVITY","logFC","time_index",0.19047619047619,0.95,-0.610428419161659,0.798792262364635,68,0.651401495702482,"Spearman",8
"1032","REACTOME_REGULATION_OF_MRNA_STABILITY_BY_PROTEINS_THAT_BIND_AU_RICH_ELEMENTS","logFC","time_index",-0.761904761904762,0.95,-0.956508462065415,-0.0979893634330436,148,0.0280049391530719,"Spearman",8
"1033","REACTOME_REGULATION_OF_PLK1_ACTIVITY_AT_G2_M_TRANSITION","logFC","time_index",0.119047619047619,0.95,-0.654322531330363,0.770700208881839,74,0.77888572605238,"Spearman",8
"1034","REACTOME_REGULATION_OF_PTEN_GENE_TRANSCRIPTION","logFC","time_index",0.0476190476190476,0.95,-0.693558462335865,0.739823919612768,80,0.910849168519584,"Spearman",8
"1035","REACTOME_REGULATION_OF_PTEN_LOCALIZATION","logFC","time_index",0.833333333333333,0.95,0.288117791458932,0.970532340947576,14,0.0101755401234568,"Spearman",8
"1036","REACTOME_REGULATION_OF_PTEN_MRNA_TRANSLATION","logFC","time_index",0.904761904761905,0.95,0.533790356386143,0.983684612861427,7.99999999999998,0.00200827550542945,"Spearman",8
"1037","REACTOME_REGULATION_OF_PTEN_STABILITY_AND_ACTIVITY","logFC","time_index",-0.833333333333333,0.95,-0.970532340947576,-0.288117791458932,154,0.0101755401234567,"Spearman",8
"1038","REACTOME_REGULATION_OF_PYRUVATE_DEHYDROGENASE_PDH_COMPLEX","logFC","time_index",-0.452380952380952,0.95,-0.883198389869668,0.39249447291592,122,0.260404767436885,"Spearman",8
"1039","REACTOME_REGULATION_OF_RAS_BY_GAPS","logFC","time_index",-0.833333333333333,0.95,-0.970532340947576,-0.288117791458932,154,0.0101755401234567,"Spearman",8
"1040","REACTOME_REGULATION_OF_RUNX1_EXPRESSION_AND_ACTIVITY","logFC","time_index",0.761904761904762,0.95,0.0979893634330436,0.956508462065415,20,0.0280049391530718,"Spearman",8
"1041","REACTOME_REGULATION_OF_RUNX2_EXPRESSION_AND_ACTIVITY","logFC","time_index",-0.857142857142857,0.95,-0.975009179187399,-0.362741761851061,156,0.00653001725471529,"Spearman",8
"1042","REACTOME_REGULATION_OF_RUNX3_EXPRESSION_AND_ACTIVITY","logFC","time_index",-0.80952380952381,0.95,-0.965958746049703,-0.219576117261057,152,0.0149026676862301,"Spearman",8
"1043","REACTOME_REGULATION_OF_SIGNALING_BY_CBL","logFC","time_index",0.333333333333333,0.95,-0.504900458079174,0.848005453057694,56,0.419753086419753,"Spearman",8
"1044","REACTOME_REGULATION_OF_TLR_BY_ENDOGENOUS_LIGAND","logFC","time_index",0.0952380952380952,0.95,-0.667880790009193,0.760737258941213,76,0.822505430203611,"Spearman",8
"1045","REACTOME_REGULATION_OF_TNFR1_SIGNALING","logFC","time_index",-0.261904761904762,0.95,-0.824460431079162,0.560994230299003,106,0.530922861565801,"Spearman",8
"1046","REACTOME_REGULATION_OF_TP53_ACTIVITY","logFC","time_index",0.214285714285714,0.95,-0.594615624587475,0.807601688398822,66,0.610344415645267,"Spearman",8
"1047","REACTOME_REGULATION_OF_TP53_ACTIVITY_THROUGH_ACETYLATION","logFC","time_index",0.30952380952381,0.95,-0.524419581436004,0.840376529508442,58,0.455644890737582,"Spearman",8
"1048","REACTOME_REGULATION_OF_TP53_ACTIVITY_THROUGH_ASSOCIATION_WITH_CO_FACTORS","logFC","time_index",0.523809523809524,0.95,-0.310284135497842,0.902216683622693,40,0.182720750539715,"Spearman",8
"1049","REACTOME_REGULATION_OF_TP53_ACTIVITY_THROUGH_METHYLATION","logFC","time_index",0.571428571428572,0.95,-0.247542976361256,0.914127484841395,36,0.138959957160707,"Spearman",8
"1050","REACTOME_REGULATION_OF_TP53_ACTIVITY_THROUGH_PHOSPHORYLATION","logFC","time_index",-0.357142857142857,0.95,-0.855426894378632,0.484484688927055,114,0.385120643556256,"Spearman",8
"1051","REACTOME_REGULATION_OF_TP53_EXPRESSION_AND_DEGRADATION","logFC","time_index",0.0714285714285714,0.95,-0.680950797892829,0.750450511180687,78,0.866526270675909,"Spearman",8
"1052","REACTOME_RELEASE_OF_HH_NP_FROM_THE_SECRETING_CELL","logFC","time_index",0.476190476190476,0.95,-0.366513175675711,0.889699256957141,44,0.232935534650098,"Spearman",8
"1053","REACTOME_REMOVAL_OF_AMINOTERMINAL_PROPEPTIDES_FROM_GAMMA_CARBOXYLATED_PROTEINS","logFC","time_index",0.166666666666667,0.95,-0.625627578496279,0.78971400256287,70,0.693238811728395,"Spearman",8
"1054","REACTOME_REMOVAL_OF_THE_FLAP_INTERMEDIATE_FROM_THE_C_STRAND","logFC","time_index",-0.142857142857143,0.95,-0.780354412477385,0.640248142039189,96,0.735764859879812,"Spearman",8
"1055","REACTOME_REPRESSION_OF_WNT_TARGET_GENES","logFC","time_index",0.333333333333333,0.95,-0.504900458079174,0.848005453057694,56,0.419753086419753,"Spearman",8
"1056","REACTOME_REPRODUCTION","logFC","time_index",0.428571428571429,0.95,-0.417193948725786,0.876527650057209,48,0.28940322484679,"Spearman",8
"1057","REACTOME_RESOLUTION_OF_ABASIC_SITES_AP_SITES_","logFC","time_index",-0.30952380952381,0.95,-0.840376529508442,0.524419581436004,110,0.455644890737582,"Spearman",8
"1058","REACTOME_RESOLUTION_OF_AP_SITES_VIA_THE_MULTIPLE_NUCLEOTIDE_PATCH_REPLACEMENT_PATHWAY","logFC","time_index",-0.404761904761905,0.95,-0.869680291013936,0.440704179922117,118,0.319888641228816,"Spearman",8
"1059","REACTOME_RESOLUTION_OF_D_LOOP_STRUCTURES","logFC","time_index",0.142857142857143,0.95,-0.640248142039189,0.780354412477385,72,0.735764859879812,"Spearman",8
"1060","REACTOME_RESOLUTION_OF_D_LOOP_STRUCTURES_THROUGH_SYNTHESIS_DEPENDENT_STRAND_ANNEALING_SDSA_","logFC","time_index",-0.142857142857143,0.95,-0.780354412477385,0.640248142039189,96,0.735764859879812,"Spearman",8
"1061","REACTOME_RESOLUTION_OF_SISTER_CHROMATID_COHESION","logFC","time_index",-0.595238095238095,0.95,-0.919869016525818,0.213366281883462,134,0.119529806138793,"Spearman",8
"1062","REACTOME_RESPIRATORY_ELECTRON_TRANSPORT","logFC","time_index",-0.666666666666667,0.95,-0.936297449114819,0.0974064026422894,140,0.0709876543209875,"Spearman",8
"1063","REACTOME_RESPIRATORY_ELECTRON_TRANSPORT_ATP_SYNTHESIS_BY_CHEMIOSMOTIC_COUPLING_AND_HEAT_PRODUCTION_BY_UNCOUPLING_PROTEINS_","logFC","time_index",-0.666666666666667,0.95,-0.936297449114819,0.0974064026422894,140,0.0709876543209875,"Spearman",8
"1064","REACTOME_RESPONSE_OF_EIF2AK1_HRI_TO_HEME_DEFICIENCY","logFC","time_index",-0.214285714285714,0.95,-0.807601688398822,0.594615624587475,102,0.610344415645267,"Spearman",8
"1065","REACTOME_RESPONSE_OF_EIF2AK4_GCN2_TO_AMINO_ACID_DEFICIENCY","logFC","time_index",0.80952380952381,0.95,0.219576117261057,0.965958746049703,16,0.0149026676862301,"Spearman",8
"1066","REACTOME_RESPONSE_OF_MTB_TO_PHAGOCYTOSIS","logFC","time_index",-0.761904761904762,0.95,-0.956508462065415,-0.0979893634330436,148,0.0280049391530719,"Spearman",8
"1067","REACTOME_RESPONSE_TO_ELEVATED_PLATELET_CYTOSOLIC_CA2_","logFC","time_index",0.642857142857143,0.95,-0.138510908918769,0.930949344815045,30,0.0855588910126731,"Spearman",8
"1068","REACTOME_RESPONSE_TO_METAL_IONS","logFC","time_index",-0.666666666666667,0.95,-0.936297449114819,0.0974064026422894,140,0.0709876543209875,"Spearman",8
"1069","REACTOME_RET_SIGNALING","logFC","time_index",0.666666666666667,0.95,-0.0974064026422894,0.936297449114819,28,0.0709876543209875,"Spearman",8
"1070","REACTOME_RETINOID_CYCLE_DISEASE_EVENTS","logFC","time_index",0.285714285714286,0.95,-0.54309985976455,0.832531299467683,60,0.492726245016957,"Spearman",8
"1071","REACTOME_RETROGRADE_NEUROTROPHIN_SIGNALLING","logFC","time_index",0.428571428571429,0.95,-0.417193948725786,0.876527650057209,48,0.28940322484679,"Spearman",8
"1072","REACTOME_RETROGRADE_TRANSPORT_AT_THE_TRANS_GOLGI_NETWORK","logFC","time_index",0.285714285714286,0.95,-0.54309985976455,0.832531299467683,60,0.492726245016957,"Spearman",8
"1073","REACTOME_RHO_GTPASE_CYCLE","logFC","time_index",0.523809523809524,0.95,-0.310284135497842,0.902216683622693,40,0.182720750539715,"Spearman",8
"1074","REACTOME_RHO_GTPASE_EFFECTORS","logFC","time_index",-0.285714285714286,0.95,-0.832531299467683,0.54309985976455,108,0.492726245016957,"Spearman",8
"1075","REACTOME_RHO_GTPASES_ACTIVATE_CIT","logFC","time_index",0.690476190476191,0.95,-0.0535187438915425,0.941523364223448,26,0.0579903181645727,"Spearman",8
"1076","REACTOME_RHO_GTPASES_ACTIVATE_FORMINS","logFC","time_index",-0.595238095238095,0.95,-0.919869016525818,0.213366281883462,134,0.119529806138793,"Spearman",8
"1077","REACTOME_RHO_GTPASES_ACTIVATE_IQGAPS","logFC","time_index",0.738095238095238,0.95,0.0438188176793302,0.951625002805919,22,0.0365527610528607,"Spearman",8
"1078","REACTOME_RHO_GTPASES_ACTIVATE_KTN1","logFC","time_index",0.404761904761905,0.95,-0.440704179922117,0.869680291013936,50,0.319888641228816,"Spearman",8
"1079","REACTOME_RHO_GTPASES_ACTIVATE_NADPH_OXIDASES","logFC","time_index",-0.0238095238095238,0.95,-0.728840360218264,0.705727889635272,86,0.955374011815881,"Spearman",8
"1080","REACTOME_RHO_GTPASES_ACTIVATE_PAKS","logFC","time_index",0.761904761904762,0.95,0.0979893634330436,0.956508462065415,20,0.0280049391530718,"Spearman",8
"1081","REACTOME_RHO_GTPASES_ACTIVATE_PKNS","logFC","time_index",-0.214285714285714,0.95,-0.807601688398822,0.594615624587475,102,0.610344415645267,"Spearman",8
"1082","REACTOME_RHO_GTPASES_ACTIVATE_RHOTEKIN_AND_RHOPHILINS","logFC","time_index",0.80952380952381,0.95,0.219576117261057,0.965958746049703,16,0.0149026676862301,"Spearman",8
"1083","REACTOME_RHO_GTPASES_ACTIVATE_ROCKS","logFC","time_index",0.80952380952381,0.95,0.219576117261057,0.965958746049703,16,0.0149026676862301,"Spearman",8
"1084","REACTOME_RHO_GTPASES_ACTIVATE_WASPS_AND_WAVES","logFC","time_index",-0.285714285714286,0.95,-0.832531299467683,0.54309985976455,108,0.492726245016957,"Spearman",8
"1085","REACTOME_RIP_MEDIATED_NFKB_ACTIVATION_VIA_ZBP1","logFC","time_index",-0.428571428571429,0.95,-0.876527650057209,0.417193948725786,120,0.28940322484679,"Spearman",8
"1086","REACTOME_RIPK1_MEDIATED_REGULATED_NECROSIS","logFC","time_index",0.166666666666667,0.95,-0.625627578496279,0.78971400256287,70,0.693238811728395,"Spearman",8
"1087","REACTOME_RMTS_METHYLATE_HISTONE_ARGININES","logFC","time_index",0.452380952380952,0.95,-0.39249447291592,0.883198389869668,46,0.260404767436885,"Spearman",8
"1088","REACTOME_RNA_POLYMERASE_I_PROMOTER_ESCAPE","logFC","time_index",0.19047619047619,0.95,-0.610428419161659,0.798792262364635,68,0.651401495702482,"Spearman",8
"1089","REACTOME_RNA_POLYMERASE_I_TRANSCRIPTION","logFC","time_index",0.30952380952381,0.95,-0.524419581436004,0.840376529508442,58,0.455644890737582,"Spearman",8
"1090","REACTOME_RNA_POLYMERASE_I_TRANSCRIPTION_INITIATION","logFC","time_index",-0.404761904761905,0.95,-0.869680291013936,0.440704179922117,118,0.319888641228816,"Spearman",8
"1091","REACTOME_RNA_POLYMERASE_I_TRANSCRIPTION_TERMINATION","logFC","time_index",-0.0952380952380952,0.95,-0.760737258941213,0.667880790009193,92,0.822505430203611,"Spearman",8
"1092","REACTOME_RNA_POLYMERASE_II_TRANSCRIBES_SNRNA_GENES","logFC","time_index",-0.333333333333333,0.95,-0.848005453057694,0.504900458079174,112,0.419753086419753,"Spearman",8
"1093","REACTOME_RNA_POLYMERASE_II_TRANSCRIPTION","logFC","time_index",0.690476190476191,0.95,-0.0535187438915425,0.941523364223448,26,0.0579903181645727,"Spearman",8
"1094","REACTOME_RNA_POLYMERASE_II_TRANSCRIPTION_TERMINATION","logFC","time_index",-0.142857142857143,0.95,-0.780354412477385,0.640248142039189,96,0.735764859879812,"Spearman",8
"1095","REACTOME_RNA_POLYMERASE_III_CHAIN_ELONGATION","logFC","time_index",-0.0476190476190476,0.95,-0.739823919612768,0.693558462335865,88,0.910849168519584,"Spearman",8
"1096","REACTOME_RNA_POLYMERASE_III_TRANSCRIPTION","logFC","time_index",-0.238095238095238,0.95,-0.816154047863564,0.578151267742396,104,0.570156320815768,"Spearman",8
"1097","REACTOME_RNA_POLYMERASE_III_TRANSCRIPTION_INITIATION_FROM_TYPE_1_PROMOTER","logFC","time_index",-0.119047619047619,0.95,-0.770700208881839,0.654322531330363,94,0.77888572605238,"Spearman",8
"1098","REACTOME_RNA_POLYMERASE_III_TRANSCRIPTION_INITIATION_FROM_TYPE_3_PROMOTER","logFC","time_index",-0.30952380952381,0.95,-0.840376529508442,0.524419581436004,110,0.455644890737582,"Spearman",8
"1099","REACTOME_RNA_POLYMERASE_III_TRANSCRIPTION_TERMINATION","logFC","time_index",-0.119047619047619,0.95,-0.770700208881839,0.654322531330363,94,0.77888572605238,"Spearman",8
"1100","REACTOME_RNF_MUTANTS_SHOW_ENHANCED_WNT_SIGNALING_AND_PROLIFERATION","logFC","time_index",-0.476190476190476,0.95,-0.889699256957141,0.366513175675711,124,0.232935534650098,"Spearman",8
"1101","REACTOME_ROBO_RECEPTORS_BIND_AKAP5","logFC","time_index",0.642857142857143,0.95,-0.138510908918769,0.930949344815045,30,0.0855588910126731,"Spearman",8
"1102","REACTOME_ROLE_OF_ABL_IN_ROBO_SLIT_SIGNALING","logFC","time_index",0.5,0.95,-0.339147615348341,0.896036658541189,42,0.20703125,"Spearman",8
"1103","REACTOME_ROLE_OF_LAT2_NTAL_LAB_ON_CALCIUM_MOBILIZATION","logFC","time_index",0.952380952380953,0.95,0.741746438225775,0.992007880848522,3.99999999999999,0.00026040002438725,"Spearman",8
"1104","REACTOME_ROLE_OF_PHOSPHOLIPIDS_IN_PHAGOCYTOSIS","logFC","time_index",0.166666666666667,0.95,-0.625627578496279,0.78971400256287,70,0.693238811728395,"Spearman",8
"1105","REACTOME_ROLE_OF_SECOND_MESSENGERS_IN_NETRIN_1_SIGNALING","logFC","time_index",0.0714285714285714,0.95,-0.680950797892829,0.750450511180687,78,0.866526270675909,"Spearman",8
"1106","REACTOME_RORA_ACTIVATES_GENE_EXPRESSION","logFC","time_index",0.738095238095238,0.95,0.0438188176793302,0.951625002805919,22,0.0365527610528607,"Spearman",8
"1107","REACTOME_ROS_AND_RNS_PRODUCTION_IN_PHAGOCYTES","logFC","time_index",-0.714285714285714,0.95,-0.946631230365405,0.00655536028441005,144,0.0465282322841671,"Spearman",8
"1108","REACTOME_RRNA_MODIFICATION_IN_THE_NUCLEUS_AND_CYTOSOL","logFC","time_index",-0.238095238095238,0.95,-0.816154047863564,0.578151267742396,104,0.570156320815768,"Spearman",8
"1109","REACTOME_RRNA_PROCESSING","logFC","time_index",0.380952380952381,0.95,-0.463109038011872,0.862649204190628,52,0.351812553117565,"Spearman",8
"1110","REACTOME_RRNA_PROCESSING_IN_THE_MITOCHONDRION","logFC","time_index",-0.0714285714285714,0.95,-0.750450511180687,0.680950797892829,90,0.866526270675909,"Spearman",8
"1111","REACTOME_RSK_ACTIVATION","logFC","time_index",0.333333333333333,0.95,-0.504900458079174,0.848005453057694,56,0.419753086419753,"Spearman",8
"1112","REACTOME_RUNX1_AND_FOXP3_CONTROL_THE_DEVELOPMENT_OF_REGULATORY_T_LYMPHOCYTES_TREGS_","logFC","time_index",0.119047619047619,0.95,-0.654322531330363,0.770700208881839,74,0.77888572605238,"Spearman",8
"1113","REACTOME_RUNX1_INTERACTS_WITH_CO_FACTORS_WHOSE_PRECISE_EFFECT_ON_RUNX1_TARGETS_IS_NOT_KNOWN","logFC","time_index",0.666666666666667,0.95,-0.0974064026422894,0.936297449114819,28,0.0709876543209875,"Spearman",8
"1114","REACTOME_RUNX1_REGULATES_ESTROGEN_RECEPTOR_MEDIATED_TRANSCRIPTION","logFC","time_index",0.142857142857143,0.95,-0.640248142039189,0.780354412477385,72,0.735764859879812,"Spearman",8
"1115","REACTOME_RUNX1_REGULATES_EXPRESSION_OF_COMPONENTS_OF_TIGHT_JUNCTIONS","logFC","time_index",0.785714285714286,0.95,0.156402242304734,0.961285223464438,18,0.0208151272535253,"Spearman",8
"1116","REACTOME_RUNX1_REGULATES_GENES_INVOLVED_IN_MEGAKARYOCYTE_DIFFERENTIATION_AND_PLATELET_FUNCTION","logFC","time_index",0.547619047619048,0.95,-0.27979628705577,0.908245122495473,38,0.160025642538896,"Spearman",8
"1117","REACTOME_RUNX1_REGULATES_TRANSCRIPTION_OF_GENES_INVOLVED_IN_BCR_SIGNALING","logFC","time_index",0.761904761904762,0.95,0.0979893634330436,0.956508462065415,20,0.0280049391530718,"Spearman",8
"1118","REACTOME_RUNX1_REGULATES_TRANSCRIPTION_OF_GENES_INVOLVED_IN_DIFFERENTIATION_OF_HSCS","logFC","time_index",-0.80952380952381,0.95,-0.965958746049703,-0.219576117261057,152,0.0149026676862301,"Spearman",8
"1119","REACTOME_RUNX1_REGULATES_TRANSCRIPTION_OF_GENES_INVOLVED_IN_DIFFERENTIATION_OF_KERATINOCYTES","logFC","time_index",0.238095238095238,0.95,-0.578151267742396,0.816154047863564,64,0.570156320815768,"Spearman",8
"1120","REACTOME_RUNX1_REGULATES_TRANSCRIPTION_OF_GENES_INVOLVED_IN_DIFFERENTIATION_OF_MYELOID_CELLS","logFC","time_index",0.357142857142857,0.95,-0.484484688927055,0.855426894378632,54,0.385120643556256,"Spearman",8
"1121","REACTOME_RUNX1_REGULATES_TRANSCRIPTION_OF_GENES_INVOLVED_IN_INTERLEUKIN_SIGNALING","logFC","time_index",0.380952380952381,0.95,-0.463109038011872,0.862649204190628,52,0.351812553117565,"Spearman",8
"1122","REACTOME_RUNX2_REGULATES_BONE_DEVELOPMENT","logFC","time_index",0.785714285714286,0.95,0.156402242304734,0.961285223464438,18,0.0208151272535253,"Spearman",8
"1123","REACTOME_RUNX2_REGULATES_GENES_INVOLVED_IN_CELL_MIGRATION","logFC","time_index",0.0238095238095238,0.95,-0.705727889635272,0.728840360218264,82,0.955374011815881,"Spearman",8
"1124","REACTOME_RUNX2_REGULATES_OSTEOBLAST_DIFFERENTIATION","logFC","time_index",0.642857142857143,0.95,-0.138510908918769,0.930949344815045,30,0.0855588910126731,"Spearman",8
"1125","REACTOME_RUNX3_REGULATES_BCL2L11_BIM_TRANSCRIPTION","logFC","time_index",0.714285714285714,0.95,-0.00655536028441005,0.946631230365405,24,0.0465282322841672,"Spearman",8
"1126","REACTOME_RUNX3_REGULATES_CDKN1A_TRANSCRIPTION","logFC","time_index",0.976190476190476,0.95,0.863510571894565,0.996044086457945,1.99999999999999,3.3143960262001e-05,"Spearman",8
"1127","REACTOME_RUNX3_REGULATES_NOTCH_SIGNALING","logFC","time_index",0.785714285714286,0.95,0.156402242304734,0.961285223464438,18,0.0208151272535253,"Spearman",8
"1128","REACTOME_RUNX3_REGULATES_P14_ARF","logFC","time_index",0.261904761904762,0.95,-0.560994230299003,0.824460431079162,62,0.530922861565801,"Spearman",8
"1129","REACTOME_RUNX3_REGULATES_WNT_SIGNALING","logFC","time_index",0.238095238095238,0.95,-0.578151267742396,0.816154047863564,64,0.570156320815768,"Spearman",8
"1130","REACTOME_RUNX3_REGULATES_YAP1_MEDIATED_TRANSCRIPTION","logFC","time_index",0.119047619047619,0.95,-0.654322531330363,0.770700208881839,74,0.77888572605238,"Spearman",8
"1131","REACTOME_S_PHASE","logFC","time_index",-0.761904761904762,0.95,-0.956508462065415,-0.0979893634330436,148,0.0280049391530719,"Spearman",8
"1132","REACTOME_SARS_COV_1_INFECTION","logFC","time_index",-0.238095238095238,0.95,-0.816154047863564,0.578151267742396,104,0.570156320815768,"Spearman",8
"1133","REACTOME_SARS_COV_INFECTIONS","logFC","time_index",-0.119047619047619,0.95,-0.770700208881839,0.654322531330363,94,0.77888572605238,"Spearman",8
"1134","REACTOME_SCAVENGING_BY_CLASS_A_RECEPTORS","logFC","time_index",0.357142857142857,0.95,-0.484484688927055,0.855426894378632,54,0.385120643556256,"Spearman",8
"1135","REACTOME_SCAVENGING_BY_CLASS_F_RECEPTORS","logFC","time_index",-0.523809523809524,0.95,-0.902216683622693,0.310284135497842,128,0.182720750539715,"Spearman",8
"1136","REACTOME_SCAVENGING_OF_HEME_FROM_PLASMA","logFC","time_index",-0.738095238095238,0.95,-0.951625002805919,-0.0438188176793302,146,0.0365527610528608,"Spearman",8
"1137","REACTOME_SCF_SKP2_MEDIATED_DEGRADATION_OF_P27_P21","logFC","time_index",-0.80952380952381,0.95,-0.965958746049703,-0.219576117261057,152,0.0149026676862301,"Spearman",8
"1138","REACTOME_SEALING_OF_THE_NUCLEAR_ENVELOPE_NE_BY_ESCRT_III","logFC","time_index",0.285714285714286,0.95,-0.54309985976455,0.832531299467683,60,0.492726245016957,"Spearman",8
"1139","REACTOME_SELECTIVE_AUTOPHAGY","logFC","time_index",0.5,0.95,-0.339147615348341,0.896036658541189,42,0.20703125,"Spearman",8
"1140","REACTOME_SELENOAMINO_ACID_METABOLISM","logFC","time_index",0.714285714285714,0.95,-0.00655536028441005,0.946631230365405,24,0.0465282322841672,"Spearman",8
"1141","REACTOME_SEMA3A_PAK_DEPENDENT_AXON_REPULSION","logFC","time_index",-0.619047619047619,0.95,-0.925474715201005,0.177088868349271,136,0.101733037454265,"Spearman",8
"1142","REACTOME_SEMA3A_PLEXIN_REPULSION_SIGNALING_BY_INHIBITING_INTEGRIN_ADHESION","logFC","time_index",-0.595238095238095,0.95,-0.919869016525818,0.213366281883462,134,0.119529806138793,"Spearman",8
"1143","REACTOME_SEMA4D_IN_SEMAPHORIN_SIGNALING","logFC","time_index",0.761904761904762,0.95,0.0979893634330436,0.956508462065415,20,0.0280049391530718,"Spearman",8
"1144","REACTOME_SEMA4D_INDUCED_CELL_MIGRATION_AND_GROWTH_CONE_COLLAPSE","logFC","time_index",0.761904761904762,0.95,0.0979893634330436,0.956508462065415,20,0.0280049391530718,"Spearman",8
"1145","REACTOME_SEMA4D_MEDIATED_INHIBITION_OF_CELL_ATTACHMENT_AND_MIGRATION","logFC","time_index",0.619047619047619,0.95,-0.177088868349271,0.925474715201005,32,0.101733037454265,"Spearman",8
"1146","REACTOME_SEMAPHORIN_INTERACTIONS","logFC","time_index",0.619047619047619,0.95,-0.177088868349271,0.925474715201005,32,0.101733037454265,"Spearman",8
"1147","REACTOME_SENESCENCE_ASSOCIATED_SECRETORY_PHENOTYPE_SASP_","logFC","time_index",0.761904761904762,0.95,0.0979893634330436,0.956508462065415,20,0.0280049391530718,"Spearman",8
"1148","REACTOME_SEPARATION_OF_SISTER_CHROMATIDS","logFC","time_index",-0.833333333333333,0.95,-0.970532340947576,-0.288117791458932,154,0.0101755401234567,"Spearman",8
"1149","REACTOME_SERINE_BIOSYNTHESIS","logFC","time_index",0.0714285714285714,0.95,-0.680950797892829,0.750450511180687,78,0.866526270675909,"Spearman",8
"1150","REACTOME_SEROTONIN_NEUROTRANSMITTER_RELEASE_CYCLE","logFC","time_index",-0.690476190476191,0.95,-0.941523364223448,0.0535187438915425,142,0.0579903181645726,"Spearman",8
"1151","REACTOME_SEROTONIN_RECEPTORS","logFC","time_index",-0.333333333333333,0.95,-0.848005453057694,0.504900458079174,112,0.419753086419753,"Spearman",8
"1152","REACTOME_SHC_MEDIATED_CASCADE_FGFR1","logFC","time_index",0.714285714285714,0.95,-0.00655536028441005,0.946631230365405,24,0.0465282322841672,"Spearman",8
"1153","REACTOME_SHC_MEDIATED_CASCADE_FGFR3","logFC","time_index",0.80952380952381,0.95,0.219576117261057,0.965958746049703,16,0.0149026676862301,"Spearman",8
"1154","REACTOME_SHC_MEDIATED_CASCADE_FGFR4","logFC","time_index",0.761904761904762,0.95,0.0979893634330436,0.956508462065415,20,0.0280049391530718,"Spearman",8
"1155","REACTOME_SHC_RELATED_EVENTS_TRIGGERED_BY_IGF1R","logFC","time_index",0.5,0.95,-0.339147615348341,0.896036658541189,42,0.20703125,"Spearman",8
"1156","REACTOME_SHC1_EVENTS_IN_EGFR_SIGNALING","logFC","time_index",-0.0476190476190476,0.95,-0.739823919612768,0.693558462335865,88,0.910849168519584,"Spearman",8
"1157","REACTOME_SHC1_EVENTS_IN_ERBB2_SIGNALING","logFC","time_index",0.547619047619048,0.95,-0.27979628705577,0.908245122495473,38,0.160025642538896,"Spearman",8
"1158","REACTOME_SHC1_EVENTS_IN_ERBB4_SIGNALING","logFC","time_index",0.285714285714286,0.95,-0.54309985976455,0.832531299467683,60,0.492726245016957,"Spearman",8
"1159","REACTOME_SIALIC_ACID_METABOLISM","logFC","time_index",-0.785714285714286,0.95,-0.961285223464438,-0.156402242304734,150,0.0208151272535253,"Spearman",8
"1160","REACTOME_SIGNAL_AMPLIFICATION","logFC","time_index",0.357142857142857,0.95,-0.484484688927055,0.855426894378632,54,0.385120643556256,"Spearman",8
"1161","REACTOME_SIGNAL_ATTENUATION","logFC","time_index",0.880952380952381,0.95,0.444295219960863,0.979392299033486,9.99999999999999,0.0038503204637324,"Spearman",8
"1162","REACTOME_SIGNAL_REGULATORY_PROTEIN_FAMILY_INTERACTIONS","logFC","time_index",0.714285714285714,0.95,-0.00655536028441005,0.946631230365405,24,0.0465282322841672,"Spearman",8
"1163","REACTOME_SIGNAL_TRANSDUCTION_BY_L1","logFC","time_index",0.761904761904762,0.95,0.0979893634330436,0.956508462065415,20,0.0280049391530718,"Spearman",8
"1164","REACTOME_SIGNALING_BY_ACTIVIN","logFC","time_index",0.19047619047619,0.95,-0.610428419161659,0.798792262364635,68,0.651401495702482,"Spearman",8
"1165","REACTOME_SIGNALING_BY_BMP","logFC","time_index",0.285714285714286,0.95,-0.54309985976455,0.832531299467683,60,0.492726245016957,"Spearman",8
"1166","REACTOME_SIGNALING_BY_BRAF_AND_RAF_FUSIONS","logFC","time_index",0.642857142857143,0.95,-0.138510908918769,0.930949344815045,30,0.0855588910126731,"Spearman",8
"1167","REACTOME_SIGNALING_BY_CYTOSOLIC_FGFR1_FUSION_MUTANTS","logFC","time_index",0.952380952380953,0.95,0.741746438225775,0.992007880848522,3.99999999999999,0.00026040002438725,"Spearman",8
"1168","REACTOME_SIGNALING_BY_EGFR","logFC","time_index",0.380952380952381,0.95,-0.463109038011872,0.862649204190628,52,0.351812553117565,"Spearman",8
"1169","REACTOME_SIGNALING_BY_EGFR_IN_CANCER","logFC","time_index",0.547619047619048,0.95,-0.27979628705577,0.908245122495473,38,0.160025642538896,"Spearman",8
"1170","REACTOME_SIGNALING_BY_ERBB2","logFC","time_index",0.904761904761905,0.95,0.533790356386143,0.983684612861427,7.99999999999998,0.00200827550542945,"Spearman",8
"1171","REACTOME_SIGNALING_BY_ERBB2_ECD_MUTANTS","logFC","time_index",0.619047619047619,0.95,-0.177088868349271,0.925474715201005,32,0.101733037454265,"Spearman",8
"1172","REACTOME_SIGNALING_BY_ERBB2_IN_CANCER","logFC","time_index",0.428571428571429,0.95,-0.417193948725786,0.876527650057209,48,0.28940322484679,"Spearman",8
"1173","REACTOME_SIGNALING_BY_ERBB4","logFC","time_index",0.0238095238095238,0.95,-0.705727889635272,0.728840360218264,82,0.955374011815881,"Spearman",8
"1174","REACTOME_SIGNALING_BY_ERYTHROPOIETIN","logFC","time_index",0.619047619047619,0.95,-0.177088868349271,0.925474715201005,32,0.101733037454265,"Spearman",8
"1175","REACTOME_SIGNALING_BY_FGFR","logFC","time_index",0.666666666666667,0.95,-0.0974064026422894,0.936297449114819,28,0.0709876543209875,"Spearman",8
"1176","REACTOME_SIGNALING_BY_FGFR_IN_DISEASE","logFC","time_index",0.714285714285714,0.95,-0.00655536028441005,0.946631230365405,24,0.0465282322841672,"Spearman",8
"1177","REACTOME_SIGNALING_BY_FGFR1","logFC","time_index",0.80952380952381,0.95,0.219576117261057,0.965958746049703,16,0.0149026676862301,"Spearman",8
"1178","REACTOME_SIGNALING_BY_FGFR1_IN_DISEASE","logFC","time_index",0.880952380952381,0.95,0.444295219960863,0.979392299033486,9.99999999999999,0.0038503204637324,"Spearman",8
"1179","REACTOME_SIGNALING_BY_FGFR2","logFC","time_index",0.738095238095238,0.95,0.0438188176793302,0.951625002805919,22,0.0365527610528607,"Spearman",8
"1180","REACTOME_SIGNALING_BY_FGFR2_IIIA_TM","logFC","time_index",-0.0238095238095238,0.95,-0.728840360218264,0.705727889635272,86,0.955374011815881,"Spearman",8
"1181","REACTOME_SIGNALING_BY_FGFR2_IN_DISEASE","logFC","time_index",0.523809523809524,0.95,-0.310284135497842,0.902216683622693,40,0.182720750539715,"Spearman",8
"1182","REACTOME_SIGNALING_BY_FGFR3","logFC","time_index",0.785714285714286,0.95,0.156402242304734,0.961285223464438,18,0.0208151272535253,"Spearman",8
"1183","REACTOME_SIGNALING_BY_FGFR3_FUSIONS_IN_CANCER","logFC","time_index",0.738095238095238,0.95,0.0438188176793302,0.951625002805919,22,0.0365527610528607,"Spearman",8
"1184","REACTOME_SIGNALING_BY_FGFR4","logFC","time_index",0.761904761904762,0.95,0.0979893634330436,0.956508462065415,20,0.0280049391530718,"Spearman",8
"1185","REACTOME_SIGNALING_BY_FGFR4_IN_DISEASE","logFC","time_index",0.714285714285714,0.95,-0.00655536028441005,0.946631230365405,24,0.0465282322841672,"Spearman",8
"1186","REACTOME_SIGNALING_BY_GPCR","logFC","time_index",-0.261904761904762,0.95,-0.824460431079162,0.560994230299003,106,0.530922861565801,"Spearman",8
"1187","REACTOME_SIGNALING_BY_HEDGEHOG","logFC","time_index",-0.642857142857143,0.95,-0.930949344815045,0.138510908918769,138,0.0855588910126729,"Spearman",8
"1188","REACTOME_SIGNALING_BY_HIPPO","logFC","time_index",0.428571428571429,0.95,-0.417193948725786,0.876527650057209,48,0.28940322484679,"Spearman",8
"1189","REACTOME_SIGNALING_BY_INSULIN_RECEPTOR","logFC","time_index",0.261904761904762,0.95,-0.560994230299003,0.824460431079162,62,0.530922861565801,"Spearman",8
"1190","REACTOME_SIGNALING_BY_INTERLEUKINS","logFC","time_index",0.119047619047619,0.95,-0.654322531330363,0.770700208881839,74,0.77888572605238,"Spearman",8
"1191","REACTOME_SIGNALING_BY_KIT_IN_DISEASE","logFC","time_index",0.761904761904762,0.95,0.0979893634330436,0.956508462065415,20,0.0280049391530718,"Spearman",8
"1192","REACTOME_SIGNALING_BY_LEPTIN","logFC","time_index",0.380952380952381,0.95,-0.463109038011872,0.862649204190628,52,0.351812553117565,"Spearman",8
"1193","REACTOME_SIGNALING_BY_MAPK_MUTANTS","logFC","time_index",-0.833333333333333,0.95,-0.970532340947576,-0.288117791458932,154,0.0101755401234567,"Spearman",8
"1194","REACTOME_SIGNALING_BY_MEMBRANE_TETHERED_FUSIONS_OF_PDGFRA_OR_PDGFRB","logFC","time_index",0.595238095238095,0.95,-0.213366281883462,0.919869016525818,34,0.119529806138793,"Spearman",8
"1195","REACTOME_SIGNALING_BY_MET","logFC","time_index",0.880952380952381,0.95,0.444295219960863,0.979392299033486,9.99999999999999,0.0038503204637324,"Spearman",8
"1196","REACTOME_SIGNALING_BY_MODERATE_KINASE_ACTIVITY_BRAF_MUTANTS","logFC","time_index",0.642857142857143,0.95,-0.138510908918769,0.930949344815045,30,0.0855588910126731,"Spearman",8
"1197","REACTOME_SIGNALING_BY_MRAS_COMPLEX_MUTANTS","logFC","time_index",-0.714285714285714,0.95,-0.946631230365405,0.00655536028441005,144,0.0465282322841671,"Spearman",8
"1198","REACTOME_SIGNALING_BY_NODAL","logFC","time_index",0.547619047619048,0.95,-0.27979628705577,0.908245122495473,38,0.160025642538896,"Spearman",8
"1199","REACTOME_SIGNALING_BY_NOTCH","logFC","time_index",-0.761904761904762,0.95,-0.956508462065415,-0.0979893634330436,148,0.0280049391530719,"Spearman",8
"1200","REACTOME_SIGNALING_BY_NOTCH1","logFC","time_index",0.285714285714286,0.95,-0.54309985976455,0.832531299467683,60,0.492726245016957,"Spearman",8
"1201","REACTOME_SIGNALING_BY_NOTCH1_HD_DOMAIN_MUTANTS_IN_CANCER","logFC","time_index",0.452380952380952,0.95,-0.39249447291592,0.883198389869668,46,0.260404767436885,"Spearman",8
"1202","REACTOME_SIGNALING_BY_NOTCH1_PEST_DOMAIN_MUTANTS_IN_CANCER","logFC","time_index",0.0476190476190476,0.95,-0.693558462335865,0.739823919612768,80,0.910849168519584,"Spearman",8
"1203","REACTOME_SIGNALING_BY_NOTCH1_T_7_9_NOTCH1_M1580_K2555_TRANSLOCATION_MUTANT","logFC","time_index",0.380952380952381,0.95,-0.463109038011872,0.862649204190628,52,0.351812553117565,"Spearman",8
"1204","REACTOME_SIGNALING_BY_NOTCH2","logFC","time_index",0.547619047619048,0.95,-0.27979628705577,0.908245122495473,38,0.160025642538896,"Spearman",8
"1205","REACTOME_SIGNALING_BY_NOTCH3","logFC","time_index",0.119047619047619,0.95,-0.654322531330363,0.770700208881839,74,0.77888572605238,"Spearman",8
"1206","REACTOME_SIGNALING_BY_NOTCH4","logFC","time_index",-0.833333333333333,0.95,-0.970532340947576,-0.288117791458932,154,0.0101755401234567,"Spearman",8
"1207","REACTOME_SIGNALING_BY_NTRK2_TRKB_","logFC","time_index",0.166666666666667,0.95,-0.625627578496279,0.78971400256287,70,0.693238811728395,"Spearman",8
"1208","REACTOME_SIGNALING_BY_NTRK3_TRKC_","logFC","time_index",0.928571428571429,0.95,0.632446585771284,0.987888913611396,5.99999999999999,0.000862968182899978,"Spearman",8
"1209","REACTOME_SIGNALING_BY_NTRKS","logFC","time_index",0.666666666666667,0.95,-0.0974064026422894,0.936297449114819,28,0.0709876543209875,"Spearman",8
"1210","REACTOME_SIGNALING_BY_NUCLEAR_RECEPTORS","logFC","time_index",0.880952380952381,0.95,0.444295219960863,0.979392299033486,9.99999999999999,0.0038503204637324,"Spearman",8
"1211","REACTOME_SIGNALING_BY_PDGF","logFC","time_index",0.666666666666667,0.95,-0.0974064026422894,0.936297449114819,28,0.0709876543209875,"Spearman",8
"1212","REACTOME_SIGNALING_BY_PDGFR_IN_DISEASE","logFC","time_index",0.857142857142857,0.95,0.362741761851061,0.975009179187399,12,0.00653001725471527,"Spearman",8
"1213","REACTOME_SIGNALING_BY_PDGFRA_TRANSMEMBRANE_JUXTAMEMBRANE_AND_KINASE_DOMAIN_MUTANTS","logFC","time_index",0.880952380952381,0.95,0.444295219960863,0.979392299033486,9.99999999999999,0.0038503204637324,"Spearman",8
"1214","REACTOME_SIGNALING_BY_PTK6","logFC","time_index",0.571428571428572,0.95,-0.247542976361256,0.914127484841395,36,0.138959957160707,"Spearman",8
"1215","REACTOME_SIGNALING_BY_RECEPTOR_TYROSINE_KINASES","logFC","time_index",0.80952380952381,0.95,0.219576117261057,0.965958746049703,16,0.0149026676862301,"Spearman",8
"1216","REACTOME_SIGNALING_BY_RETINOIC_ACID","logFC","time_index",-0.0238095238095238,0.95,-0.728840360218264,0.705727889635272,86,0.955374011815881,"Spearman",8
"1217","REACTOME_SIGNALING_BY_RHO_GTPASES","logFC","time_index",0.0238095238095238,0.95,-0.705727889635272,0.728840360218264,82,0.955374011815881,"Spearman",8
"1218","REACTOME_SIGNALING_BY_ROBO_RECEPTORS","logFC","time_index",0.19047619047619,0.95,-0.610428419161659,0.798792262364635,68,0.651401495702482,"Spearman",8
"1219","REACTOME_SIGNALING_BY_SCF_KIT","logFC","time_index",0.714285714285714,0.95,-0.00655536028441005,0.946631230365405,24,0.0465282322841672,"Spearman",8
"1220","REACTOME_SIGNALING_BY_TGF_BETA_RECEPTOR_COMPLEX","logFC","time_index",0.738095238095238,0.95,0.0438188176793302,0.951625002805919,22,0.0365527610528607,"Spearman",8
"1221","REACTOME_SIGNALING_BY_TGF_BETA_RECEPTOR_COMPLEX_IN_CANCER","logFC","time_index",0.380952380952381,0.95,-0.463109038011872,0.862649204190628,52,0.351812553117565,"Spearman",8
"1222","REACTOME_SIGNALING_BY_TGFB_FAMILY_MEMBERS","logFC","time_index",0.714285714285714,0.95,-0.00655536028441005,0.946631230365405,24,0.0465282322841672,"Spearman",8
"1223","REACTOME_SIGNALING_BY_THE_B_CELL_RECEPTOR_BCR_","logFC","time_index",-0.761904761904762,0.95,-0.956508462065415,-0.0979893634330436,148,0.0280049391530719,"Spearman",8
"1224","REACTOME_SIGNALING_BY_TYPE_1_INSULIN_LIKE_GROWTH_FACTOR_1_RECEPTOR_IGF1R_","logFC","time_index",0.428571428571429,0.95,-0.417193948725786,0.876527650057209,48,0.28940322484679,"Spearman",8
"1225","REACTOME_SIGNALING_BY_VEGF","logFC","time_index",0.547619047619048,0.95,-0.27979628705577,0.908245122495473,38,0.160025642538896,"Spearman",8
"1226","REACTOME_SIGNALING_BY_WNT","logFC","time_index",-0.738095238095238,0.95,-0.951625002805919,-0.0438188176793302,146,0.0365527610528608,"Spearman",8
"1227","REACTOME_SIGNALING_BY_WNT_IN_CANCER","logFC","time_index",-0.0238095238095238,0.95,-0.728840360218264,0.705727889635272,86,0.955374011815881,"Spearman",8
"1228","REACTOME_SIGNALLING_TO_ERKS","logFC","time_index",0.928571428571429,0.95,0.632446585771284,0.987888913611396,5.99999999999999,0.000862968182899978,"Spearman",8
"1229","REACTOME_SIGNALLING_TO_RAS","logFC","time_index",0.976190476190476,0.95,0.863510571894565,0.996044086457945,1.99999999999999,3.3143960262001e-05,"Spearman",8
"1230","REACTOME_SIRT1_NEGATIVELY_REGULATES_RRNA_EXPRESSION","logFC","time_index",0.285714285714286,0.95,-0.54309985976455,0.832531299467683,60,0.492726245016957,"Spearman",8
"1231","REACTOME_SLBP_DEPENDENT_PROCESSING_OF_REPLICATION_DEPENDENT_HISTONE_PRE_MRNAS","logFC","time_index",-0.238095238095238,0.95,-0.816154047863564,0.578151267742396,104,0.570156320815768,"Spearman",8
"1232","REACTOME_SLC_MEDIATED_TRANSMEMBRANE_TRANSPORT","logFC","time_index",-0.952380952380953,0.95,-0.992007880848522,-0.741746438225775,164,0.000260400024387246,"Spearman",8
"1233","REACTOME_SLC_TRANSPORTER_DISORDERS","logFC","time_index",-0.380952380952381,0.95,-0.862649204190628,0.463109038011872,116,0.351812553117565,"Spearman",8
"1234","REACTOME_SMAC_XIAP_REGULATED_APOPTOTIC_RESPONSE","logFC","time_index",0.30952380952381,0.95,-0.524419581436004,0.840376529508442,58,0.455644890737582,"Spearman",8
"1235","REACTOME_SMAD2_SMAD3_SMAD4_HETEROTRIMER_REGULATES_TRANSCRIPTION","logFC","time_index",0.761904761904762,0.95,0.0979893634330436,0.956508462065415,20,0.0280049391530718,"Spearman",8
"1236","REACTOME_SMALL_INTERFERING_RNA_SIRNA_BIOGENESIS","logFC","time_index",-0.785714285714286,0.95,-0.961285223464438,-0.156402242304734,150,0.0208151272535253,"Spearman",8
"1237","REACTOME_SMOOTH_MUSCLE_CONTRACTION","logFC","time_index",0.785714285714286,0.95,0.156402242304734,0.961285223464438,18,0.0208151272535253,"Spearman",8
"1238","REACTOME_SNRNP_ASSEMBLY","logFC","time_index",0.238095238095238,0.95,-0.578151267742396,0.816154047863564,64,0.570156320815768,"Spearman",8
"1239","REACTOME_SODIUM_CALCIUM_EXCHANGERS","logFC","time_index",-0.166666666666667,0.95,-0.78971400256287,0.625627578496279,98,0.693238811728395,"Spearman",8
"1240","REACTOME_SODIUM_COUPLED_PHOSPHATE_COTRANSPORTERS","logFC","time_index",0.666666666666667,0.95,-0.0974064026422894,0.936297449114819,28,0.0709876543209875,"Spearman",8
"1241","REACTOME_SODIUM_COUPLED_SULPHATE_DI_AND_TRI_CARBOXYLATE_TRANSPORTERS","logFC","time_index",-0.357142857142857,0.95,-0.855426894378632,0.484484688927055,114,0.385120643556256,"Spearman",8
"1242","REACTOME_SODIUM_PROTON_EXCHANGERS","logFC","time_index",-0.357142857142857,0.95,-0.855426894378632,0.484484688927055,114,0.385120643556256,"Spearman",8
"1243","REACTOME_SOS_MEDIATED_SIGNALLING","logFC","time_index",0.547619047619048,0.95,-0.27979628705577,0.908245122495473,38,0.160025642538896,"Spearman",8
"1244","REACTOME_SPHINGOLIPID_DE_NOVO_BIOSYNTHESIS","logFC","time_index",-0.642857142857143,0.95,-0.930949344815045,0.138510908918769,138,0.0855588910126729,"Spearman",8
"1245","REACTOME_SPHINGOLIPID_METABOLISM","logFC","time_index",-0.0714285714285714,0.95,-0.750450511180687,0.680950797892829,90,0.866526270675909,"Spearman",8
"1246","REACTOME_SPRY_REGULATION_OF_FGF_SIGNALING","logFC","time_index",0.785714285714286,0.95,0.156402242304734,0.961285223464438,18,0.0208151272535253,"Spearman",8
"1247","REACTOME_SRP_DEPENDENT_COTRANSLATIONAL_PROTEIN_TARGETING_TO_MEMBRANE","logFC","time_index",0.619047619047619,0.95,-0.177088868349271,0.925474715201005,32,0.101733037454265,"Spearman",8
"1248","REACTOME_STABILIZATION_OF_P53","logFC","time_index",-0.833333333333333,0.95,-0.970532340947576,-0.288117791458932,154,0.0101755401234567,"Spearman",8
"1249","REACTOME_STAT5_ACTIVATION","logFC","time_index",-0.30952380952381,0.95,-0.840376529508442,0.524419581436004,110,0.455644890737582,"Spearman",8
"1250","REACTOME_STIMULI_SENSING_CHANNELS","logFC","time_index",-0.785714285714286,0.95,-0.961285223464438,-0.156402242304734,150,0.0208151272535253,"Spearman",8
"1251","REACTOME_STING_MEDIATED_INDUCTION_OF_HOST_IMMUNE_RESPONSES","logFC","time_index",-0.285714285714286,0.95,-0.832531299467683,0.54309985976455,108,0.492726245016957,"Spearman",8
"1252","REACTOME_STRIATED_MUSCLE_CONTRACTION","logFC","time_index",0.19047619047619,0.95,-0.610428419161659,0.798792262364635,68,0.651401495702482,"Spearman",8
"1253","REACTOME_SULFIDE_OXIDATION_TO_SULFATE","logFC","time_index",0.714285714285714,0.95,-0.00655536028441005,0.946631230365405,24,0.0465282322841672,"Spearman",8
"1254","REACTOME_SULFUR_AMINO_ACID_METABOLISM","logFC","time_index",0.738095238095238,0.95,0.0438188176793302,0.951625002805919,22,0.0365527610528607,"Spearman",8
"1255","REACTOME_SUMO_IS_CONJUGATED_TO_E1_UBA2_SAE1_","logFC","time_index",-0.404761904761905,0.95,-0.869680291013936,0.440704179922117,118,0.319888641228816,"Spearman",8
"1256","REACTOME_SUMO_IS_PROTEOLYTICALLY_PROCESSED","logFC","time_index",-0.571428571428572,0.95,-0.914127484841395,0.247542976361256,132,0.138959957160706,"Spearman",8
"1257","REACTOME_SUMO_IS_TRANSFERRED_FROM_E1_TO_E2_UBE2I_UBC9_","logFC","time_index",0.0952380952380952,0.95,-0.667880790009193,0.760737258941213,76,0.822505430203611,"Spearman",8
"1258","REACTOME_SUMOYLATION","logFC","time_index",0.285714285714286,0.95,-0.54309985976455,0.832531299467683,60,0.492726245016957,"Spearman",8
"1259","REACTOME_SUMOYLATION_OF_CHROMATIN_ORGANIZATION_PROTEINS","logFC","time_index",-0.0714285714285714,0.95,-0.750450511180687,0.680950797892829,90,0.866526270675909,"Spearman",8
"1260","REACTOME_SUMOYLATION_OF_DNA_DAMAGE_RESPONSE_AND_REPAIR_PROTEINS","logFC","time_index",0.428571428571429,0.95,-0.417193948725786,0.876527650057209,48,0.28940322484679,"Spearman",8
"1261","REACTOME_SUMOYLATION_OF_DNA_METHYLATION_PROTEINS","logFC","time_index",0.19047619047619,0.95,-0.610428419161659,0.798792262364635,68,0.651401495702482,"Spearman",8
"1262","REACTOME_SUMOYLATION_OF_DNA_REPLICATION_PROTEINS","logFC","time_index",-0.404761904761905,0.95,-0.869680291013936,0.440704179922117,118,0.319888641228816,"Spearman",8
"1263","REACTOME_SUMOYLATION_OF_IMMUNE_RESPONSE_PROTEINS","logFC","time_index",0.80952380952381,0.95,0.219576117261057,0.965958746049703,16,0.0149026676862301,"Spearman",8
"1264","REACTOME_SUMOYLATION_OF_INTRACELLULAR_RECEPTORS","logFC","time_index",0.357142857142857,0.95,-0.484484688927055,0.855426894378632,54,0.385120643556256,"Spearman",8
"1265","REACTOME_SUMOYLATION_OF_RNA_BINDING_PROTEINS","logFC","time_index",-0.0714285714285714,0.95,-0.750450511180687,0.680950797892829,90,0.866526270675909,"Spearman",8
"1266","REACTOME_SUMOYLATION_OF_SUMOYLATION_PROTEINS","logFC","time_index",0.428571428571429,0.95,-0.417193948725786,0.876527650057209,48,0.28940322484679,"Spearman",8
"1267","REACTOME_SUMOYLATION_OF_TRANSCRIPTION_COFACTORS","logFC","time_index",0.523809523809524,0.95,-0.310284135497842,0.902216683622693,40,0.182720750539715,"Spearman",8
"1268","REACTOME_SUMOYLATION_OF_TRANSCRIPTION_FACTORS","logFC","time_index",-0.333333333333333,0.95,-0.848005453057694,0.504900458079174,112,0.419753086419753,"Spearman",8
"1269","REACTOME_SUMOYLATION_OF_UBIQUITINYLATION_PROTEINS","logFC","time_index",0.166666666666667,0.95,-0.625627578496279,0.78971400256287,70,0.693238811728395,"Spearman",8
"1270","REACTOME_SUPPRESSION_OF_APOPTOSIS","logFC","time_index",-0.0714285714285714,0.95,-0.750450511180687,0.680950797892829,90,0.866526270675909,"Spearman",8
"1271","REACTOME_SUPPRESSION_OF_PHAGOSOMAL_MATURATION","logFC","time_index",-0.547619047619048,0.95,-0.908245122495473,0.27979628705577,130,0.160025642538896,"Spearman",8
"1272","REACTOME_SURFACTANT_METABOLISM","logFC","time_index",-0.142857142857143,0.95,-0.780354412477385,0.640248142039189,96,0.735764859879812,"Spearman",8
"1273","REACTOME_SWITCHING_OF_ORIGINS_TO_A_POST_REPLICATIVE_STATE","logFC","time_index",-0.761904761904762,0.95,-0.956508462065415,-0.0979893634330436,148,0.0280049391530719,"Spearman",8
"1274","REACTOME_SYNAPTIC_ADHESION_LIKE_MOLECULES","logFC","time_index",0.833333333333333,0.95,0.288117791458932,0.970532340947576,14,0.0101755401234568,"Spearman",8
"1275","REACTOME_SYNDECAN_INTERACTIONS","logFC","time_index",0.642857142857143,0.95,-0.138510908918769,0.930949344815045,30,0.0855588910126731,"Spearman",8
"1276","REACTOME_SYNTHESIS_OF_12_EICOSATETRAENOIC_ACID_DERIVATIVES","logFC","time_index",-0.690476190476191,0.95,-0.941523364223448,0.0535187438915425,142,0.0579903181645726,"Spearman",8
"1277","REACTOME_SYNTHESIS_OF_15_EICOSATETRAENOIC_ACID_DERIVATIVES","logFC","time_index",0.357142857142857,0.95,-0.484484688927055,0.855426894378632,54,0.385120643556256,"Spearman",8
"1278","REACTOME_SYNTHESIS_OF_16_20_HYDROXYEICOSATETRAENOIC_ACIDS_HETE_","logFC","time_index",-0.761904761904762,0.95,-0.956508462065415,-0.0979893634330436,148,0.0280049391530719,"Spearman",8
"1279","REACTOME_SYNTHESIS_OF_5_EICOSATETRAENOIC_ACIDS","logFC","time_index",-0.5,0.95,-0.896036658541189,0.339147615348341,126,0.20703125,"Spearman",8
"1280","REACTOME_SYNTHESIS_OF_ACTIVE_UBIQUITIN_ROLES_OF_E1_AND_E2_ENZYMES","logFC","time_index",-0.738095238095238,0.95,-0.951625002805919,-0.0438188176793302,146,0.0365527610528608,"Spearman",8
"1281","REACTOME_SYNTHESIS_OF_BILE_ACIDS_AND_BILE_SALTS","logFC","time_index",0.19047619047619,0.95,-0.610428419161659,0.798792262364635,68,0.651401495702482,"Spearman",8
"1282","REACTOME_SYNTHESIS_OF_BILE_ACIDS_AND_BILE_SALTS_VIA_24_HYDROXYCHOLESTEROL","logFC","time_index",0.333333333333333,0.95,-0.504900458079174,0.848005453057694,56,0.419753086419753,"Spearman",8
"1283","REACTOME_SYNTHESIS_OF_BILE_ACIDS_AND_BILE_SALTS_VIA_27_HYDROXYCHOLESTEROL","logFC","time_index",0.619047619047619,0.95,-0.177088868349271,0.925474715201005,32,0.101733037454265,"Spearman",8
"1284","REACTOME_SYNTHESIS_OF_BILE_ACIDS_AND_BILE_SALTS_VIA_7ALPHA_HYDROXYCHOLESTEROL","logFC","time_index",0.738095238095238,0.95,0.0438188176793302,0.951625002805919,22,0.0365527610528607,"Spearman",8
"1285","REACTOME_SYNTHESIS_OF_DIPHTHAMIDE_EEF2","logFC","time_index",-0.119047619047619,0.95,-0.770700208881839,0.654322531330363,94,0.77888572605238,"Spearman",8
"1286","REACTOME_SYNTHESIS_OF_DOLICHYL_PHOSPHATE","logFC","time_index",-0.547619047619048,0.95,-0.908245122495473,0.27979628705577,130,0.160025642538896,"Spearman",8
"1287","REACTOME_SYNTHESIS_OF_EPOXY_EET_AND_DIHYDROXYEICOSATRIENOIC_ACIDS_DHET_","logFC","time_index",-0.166666666666667,0.95,-0.78971400256287,0.625627578496279,98,0.693238811728395,"Spearman",8
"1288","REACTOME_SYNTHESIS_OF_GDP_MANNOSE","logFC","time_index",-0.333333333333333,0.95,-0.848005453057694,0.504900458079174,112,0.419753086419753,"Spearman",8
"1289","REACTOME_SYNTHESIS_OF_GLYCOSYLPHOSPHATIDYLINOSITOL_GPI_","logFC","time_index",-0.666666666666667,0.95,-0.936297449114819,0.0974064026422894,140,0.0709876543209875,"Spearman",8
"1290","REACTOME_SYNTHESIS_OF_IP2_IP_AND_INS_IN_THE_CYTOSOL","logFC","time_index",-0.690476190476191,0.95,-0.941523364223448,0.0535187438915425,142,0.0579903181645726,"Spearman",8
"1291","REACTOME_SYNTHESIS_OF_IP3_AND_IP4_IN_THE_CYTOSOL","logFC","time_index",0.0714285714285714,0.95,-0.680950797892829,0.750450511180687,78,0.866526270675909,"Spearman",8
"1292","REACTOME_SYNTHESIS_OF_KETONE_BODIES","logFC","time_index",0.523809523809524,0.95,-0.310284135497842,0.902216683622693,40,0.182720750539715,"Spearman",8
"1293","REACTOME_SYNTHESIS_OF_LEUKOTRIENES_LT_AND_EOXINS_EX_","logFC","time_index",-0.714285714285714,0.95,-0.946631230365405,0.00655536028441005,144,0.0465282322841671,"Spearman",8
"1294","REACTOME_SYNTHESIS_OF_LIPOXINS_LX_","logFC","time_index",-0.476190476190476,0.95,-0.889699256957141,0.366513175675711,124,0.232935534650098,"Spearman",8
"1295","REACTOME_SYNTHESIS_OF_PA","logFC","time_index",0.380952380952381,0.95,-0.463109038011872,0.862649204190628,52,0.351812553117565,"Spearman",8
"1296","REACTOME_SYNTHESIS_OF_PC","logFC","time_index",0.80952380952381,0.95,0.219576117261057,0.965958746049703,16,0.0149026676862301,"Spearman",8
"1297","REACTOME_SYNTHESIS_OF_PE","logFC","time_index",0.333333333333333,0.95,-0.504900458079174,0.848005453057694,56,0.419753086419753,"Spearman",8
"1298","REACTOME_SYNTHESIS_OF_PG","logFC","time_index",-0.547619047619048,0.95,-0.908245122495473,0.27979628705577,130,0.160025642538896,"Spearman",8
"1299","REACTOME_SYNTHESIS_OF_PI","logFC","time_index",-0.238095238095238,0.95,-0.816154047863564,0.578151267742396,104,0.570156320815768,"Spearman",8
"1300","REACTOME_SYNTHESIS_OF_PIPS_AT_THE_EARLY_ENDOSOME_MEMBRANE","logFC","time_index",-0.833333333333333,0.95,-0.970532340947576,-0.288117791458932,154,0.0101755401234567,"Spearman",8
"1301","REACTOME_SYNTHESIS_OF_PIPS_AT_THE_ER_MEMBRANE","logFC","time_index",-0.785714285714286,0.95,-0.961285223464438,-0.156402242304734,150,0.0208151272535253,"Spearman",8
"1302","REACTOME_SYNTHESIS_OF_PIPS_AT_THE_GOLGI_MEMBRANE","logFC","time_index",-0.857142857142857,0.95,-0.975009179187399,-0.362741761851061,156,0.00653001725471529,"Spearman",8
"1303","REACTOME_SYNTHESIS_OF_PIPS_AT_THE_LATE_ENDOSOME_MEMBRANE","logFC","time_index",-0.928571428571429,0.95,-0.987888913611396,-0.632446585771284,162,0.000862968182899974,"Spearman",8
"1304","REACTOME_SYNTHESIS_OF_PIPS_AT_THE_PLASMA_MEMBRANE","logFC","time_index",-0.452380952380952,0.95,-0.883198389869668,0.39249447291592,122,0.260404767436885,"Spearman",8
"1305","REACTOME_SYNTHESIS_OF_PROSTAGLANDINS_PG_AND_THROMBOXANES_TX_","logFC","time_index",-0.333333333333333,0.95,-0.848005453057694,0.504900458079174,112,0.419753086419753,"Spearman",8
"1306","REACTOME_SYNTHESIS_OF_PYROPHOSPHATES_IN_THE_CYTOSOL","logFC","time_index",0.714285714285714,0.95,-0.00655536028441005,0.946631230365405,24,0.0465282322841672,"Spearman",8
"1307","REACTOME_SYNTHESIS_OF_SUBSTRATES_IN_N_GLYCAN_BIOSYTHESIS","logFC","time_index",-0.761904761904762,0.95,-0.956508462065415,-0.0979893634330436,148,0.0280049391530719,"Spearman",8
"1308","REACTOME_SYNTHESIS_OF_UDP_N_ACETYL_GLUCOSAMINE","logFC","time_index",-0.142857142857143,0.95,-0.780354412477385,0.640248142039189,96,0.735764859879812,"Spearman",8
"1309","REACTOME_SYNTHESIS_OF_VERY_LONG_CHAIN_FATTY_ACYL_COAS","logFC","time_index",0.238095238095238,0.95,-0.578151267742396,0.816154047863564,64,0.570156320815768,"Spearman",8
"1310","REACTOME_SYNTHESIS_OF_WYBUTOSINE_AT_G37_OF_TRNA_PHE_","logFC","time_index",-0.0714285714285714,0.95,-0.750450511180687,0.680950797892829,90,0.866526270675909,"Spearman",8
"1311","REACTOME_SYNTHESIS_SECRETION_AND_DEACYLATION_OF_GHRELIN","logFC","time_index",-0.214285714285714,0.95,-0.807601688398822,0.594615624587475,102,0.610344415645267,"Spearman",8
"1312","REACTOME_SYNTHESIS_SECRETION_AND_INACTIVATION_OF_GLUCAGON_LIKE_PEPTIDE_1_GLP_1_","logFC","time_index",0.0952380952380952,0.95,-0.667880790009193,0.760737258941213,76,0.822505430203611,"Spearman",8
"1313","REACTOME_SYNTHESIS_SECRETION_AND_INACTIVATION_OF_GLUCOSE_DEPENDENT_INSULINOTROPIC_POLYPEPTIDE_GIP_","logFC","time_index",-0.452380952380952,0.95,-0.883198389869668,0.39249447291592,122,0.260404767436885,"Spearman",8
"1314","REACTOME_TACHYKININ_RECEPTORS_BIND_TACHYKININS","logFC","time_index",-0.476190476190476,0.95,-0.889699256957141,0.366513175675711,124,0.232935534650098,"Spearman",8
"1315","REACTOME_TAK1_ACTIVATES_NFKB_BY_PHOSPHORYLATION_AND_ACTIVATION_OF_IKKS_COMPLEX","logFC","time_index",0.761904761904762,0.95,0.0979893634330436,0.956508462065415,20,0.0280049391530718,"Spearman",8
"1316","REACTOME_TANDEM_PORE_DOMAIN_POTASSIUM_CHANNELS","logFC","time_index",0.119047619047619,0.95,-0.654322531330363,0.770700208881839,74,0.77888572605238,"Spearman",8
"1317","REACTOME_TBC_RABGAPS","logFC","time_index",-0.19047619047619,0.95,-0.798792262364635,0.610428419161659,100,0.651401495702482,"Spearman",8
"1318","REACTOME_TCF_DEPENDENT_SIGNALING_IN_RESPONSE_TO_WNT","logFC","time_index",-0.666666666666667,0.95,-0.936297449114819,0.0974064026422894,140,0.0709876543209875,"Spearman",8
"1319","REACTOME_TCR_SIGNALING","logFC","time_index",-0.785714285714286,0.95,-0.961285223464438,-0.156402242304734,150,0.0208151272535253,"Spearman",8
"1320","REACTOME_TELOMERE_C_STRAND_LAGGING_STRAND_SYNTHESIS","logFC","time_index",-0.0238095238095238,0.95,-0.728840360218264,0.705727889635272,86,0.955374011815881,"Spearman",8
"1321","REACTOME_TELOMERE_C_STRAND_SYNTHESIS_INITIATION","logFC","time_index",-0.166666666666667,0.95,-0.78971400256287,0.625627578496279,98,0.693238811728395,"Spearman",8
"1322","REACTOME_TELOMERE_EXTENSION_BY_TELOMERASE","logFC","time_index",0.380952380952381,0.95,-0.463109038011872,0.862649204190628,52,0.351812553117565,"Spearman",8
"1323","REACTOME_TELOMERE_MAINTENANCE","logFC","time_index",0.119047619047619,0.95,-0.654322531330363,0.770700208881839,74,0.77888572605238,"Spearman",8
"1324","REACTOME_TERMINAL_PATHWAY_OF_COMPLEMENT","logFC","time_index",-0.166666666666667,0.95,-0.78971400256287,0.625627578496279,98,0.693238811728395,"Spearman",8
"1325","REACTOME_TERMINATION_OF_O_GLYCAN_BIOSYNTHESIS","logFC","time_index",-0.261904761904762,0.95,-0.824460431079162,0.560994230299003,106,0.530922861565801,"Spearman",8
"1326","REACTOME_TERMINATION_OF_TRANSLESION_DNA_SYNTHESIS","logFC","time_index",-0.0714285714285714,0.95,-0.750450511180687,0.680950797892829,90,0.866526270675909,"Spearman",8
"1327","REACTOME_TETRAHYDROBIOPTERIN_BH4_SYNTHESIS_RECYCLING_SALVAGE_AND_REGULATION","logFC","time_index",0.166666666666667,0.95,-0.625627578496279,0.78971400256287,70,0.693238811728395,"Spearman",8
"1328","REACTOME_TFAP2_AP_2_FAMILY_REGULATES_TRANSCRIPTION_OF_CELL_CYCLE_FACTORS","logFC","time_index",0.238095238095238,0.95,-0.578151267742396,0.816154047863564,64,0.570156320815768,"Spearman",8
"1329","REACTOME_TFAP2_AP_2_FAMILY_REGULATES_TRANSCRIPTION_OF_GROWTH_FACTORS_AND_THEIR_RECEPTORS","logFC","time_index",-0.880952380952381,0.95,-0.979392299033486,-0.444295219960863,158,0.00385032046373241,"Spearman",8
"1330","REACTOME_TGF_BETA_RECEPTOR_SIGNALING_ACTIVATES_SMADS","logFC","time_index",0.833333333333333,0.95,0.288117791458932,0.970532340947576,14,0.0101755401234568,"Spearman",8
"1331","REACTOME_TGF_BETA_RECEPTOR_SIGNALING_IN_EMT_EPITHELIAL_TO_MESENCHYMAL_TRANSITION_","logFC","time_index",0.833333333333333,0.95,0.288117791458932,0.970532340947576,14,0.0101755401234568,"Spearman",8
"1332","REACTOME_THE_ACTIVATION_OF_ARYLSULFATASES","logFC","time_index",0.166666666666667,0.95,-0.625627578496279,0.78971400256287,70,0.693238811728395,"Spearman",8
"1333","REACTOME_THE_CANONICAL_RETINOID_CYCLE_IN_RODS_TWILIGHT_VISION_","logFC","time_index",-0.595238095238095,0.95,-0.919869016525818,0.213366281883462,134,0.119529806138793,"Spearman",8
"1334","REACTOME_THE_CITRIC_ACID_TCA_CYCLE_AND_RESPIRATORY_ELECTRON_TRANSPORT","logFC","time_index",-0.714285714285714,0.95,-0.946631230365405,0.00655536028441005,144,0.0465282322841671,"Spearman",8
"1335","REACTOME_THE_NLRP3_INFLAMMASOME","logFC","time_index",0.571428571428572,0.95,-0.247542976361256,0.914127484841395,36,0.138959957160707,"Spearman",8
"1336","REACTOME_THE_PHOTOTRANSDUCTION_CASCADE","logFC","time_index",0.119047619047619,0.95,-0.654322531330363,0.770700208881839,74,0.77888572605238,"Spearman",8
"1337","REACTOME_THE_RETINOID_CYCLE_IN_CONES_DAYLIGHT_VISION_","logFC","time_index",-0.0476190476190476,0.95,-0.739823919612768,0.693558462335865,88,0.910849168519584,"Spearman",8
"1338","REACTOME_THE_ROLE_OF_GTSE1_IN_G2_M_PROGRESSION_AFTER_G2_CHECKPOINT","logFC","time_index",-0.880952380952381,0.95,-0.979392299033486,-0.444295219960863,158,0.00385032046373241,"Spearman",8
"1339","REACTOME_THE_ROLE_OF_NEF_IN_HIV_1_REPLICATION_AND_DISEASE_PATHOGENESIS","logFC","time_index",-0.666666666666667,0.95,-0.936297449114819,0.0974064026422894,140,0.0709876543209875,"Spearman",8
"1340","REACTOME_THROMBIN_SIGNALLING_THROUGH_PROTEINASE_ACTIVATED_RECEPTORS_PARS_","logFC","time_index",0.357142857142857,0.95,-0.484484688927055,0.855426894378632,54,0.385120643556256,"Spearman",8
"1341","REACTOME_THROMBOXANE_SIGNALLING_THROUGH_TP_RECEPTOR","logFC","time_index",-0.357142857142857,0.95,-0.855426894378632,0.484484688927055,114,0.385120643556256,"Spearman",8
"1342","REACTOME_THYROXINE_BIOSYNTHESIS","logFC","time_index",-0.238095238095238,0.95,-0.816154047863564,0.578151267742396,104,0.570156320815768,"Spearman",8
"1343","REACTOME_TICAM1_DEPENDENT_ACTIVATION_OF_IRF3_IRF7","logFC","time_index",-0.428571428571429,0.95,-0.876527650057209,0.417193948725786,120,0.28940322484679,"Spearman",8
"1344","REACTOME_TICAM1_RIP1_MEDIATED_IKK_COMPLEX_RECRUITMENT","logFC","time_index",-0.5,0.95,-0.896036658541189,0.339147615348341,126,0.20703125,"Spearman",8
"1345","REACTOME_TICAM1_TRAF6_DEPENDENT_INDUCTION_OF_TAK1_COMPLEX","logFC","time_index",0.857142857142857,0.95,0.362741761851061,0.975009179187399,12,0.00653001725471527,"Spearman",8
"1346","REACTOME_TIE2_SIGNALING","logFC","time_index",0.476190476190476,0.95,-0.366513175675711,0.889699256957141,44,0.232935534650098,"Spearman",8
"1347","REACTOME_TIGHT_JUNCTION_INTERACTIONS","logFC","time_index",0.0714285714285714,0.95,-0.680950797892829,0.750450511180687,78,0.866526270675909,"Spearman",8
"1348","REACTOME_TNF_RECEPTOR_SUPERFAMILY_TNFSF_MEMBERS_MEDIATING_NON_CANONICAL_NF_KB_PATHWAY","logFC","time_index",-0.833333333333333,0.95,-0.970532340947576,-0.288117791458932,154,0.0101755401234567,"Spearman",8
"1349","REACTOME_TNF_SIGNALING","logFC","time_index",0.142857142857143,0.95,-0.640248142039189,0.780354412477385,72,0.735764859879812,"Spearman",8
"1350","REACTOME_TNFR1_INDUCED_NFKAPPAB_SIGNALING_PATHWAY","logFC","time_index",0.595238095238095,0.95,-0.213366281883462,0.919869016525818,34,0.119529806138793,"Spearman",8
"1351","REACTOME_TNFR1_INDUCED_PROAPOPTOTIC_SIGNALING","logFC","time_index",0.404761904761905,0.95,-0.440704179922117,0.869680291013936,50,0.319888641228816,"Spearman",8
"1352","REACTOME_TNFR2_NON_CANONICAL_NF_KB_PATHWAY","logFC","time_index",-0.857142857142857,0.95,-0.975009179187399,-0.362741761851061,156,0.00653001725471529,"Spearman",8
"1353","REACTOME_TNFS_BIND_THEIR_PHYSIOLOGICAL_RECEPTORS","logFC","time_index",-0.380952380952381,0.95,-0.862649204190628,0.463109038011872,116,0.351812553117565,"Spearman",8
"1354","REACTOME_TOLL_LIKE_RECEPTOR_10_TLR10_CASCADE","logFC","time_index",0.928571428571429,0.95,0.632446585771284,0.987888913611396,5.99999999999999,0.000862968182899978,"Spearman",8
"1355","REACTOME_TOLL_LIKE_RECEPTOR_4_TLR4_CASCADE","logFC","time_index",0.976190476190476,0.95,0.863510571894565,0.996044086457945,1.99999999999999,3.3143960262001e-05,"Spearman",8
"1356","REACTOME_TOLL_LIKE_RECEPTOR_9_TLR9_CASCADE","logFC","time_index",0.952380952380953,0.95,0.741746438225775,0.992007880848522,3.99999999999999,0.00026040002438725,"Spearman",8
"1357","REACTOME_TOLL_LIKE_RECEPTOR_CASCADES","logFC","time_index",0.928571428571429,0.95,0.632446585771284,0.987888913611396,5.99999999999999,0.000862968182899978,"Spearman",8
"1358","REACTOME_TOLL_LIKE_RECEPTOR_TLR1_TLR2_CASCADE","logFC","time_index",0.952380952380953,0.95,0.741746438225775,0.992007880848522,3.99999999999999,0.00026040002438725,"Spearman",8
"1359","REACTOME_TOXICITY_OF_BOTULINUM_TOXIN_TYPE_D_BONT_D_","logFC","time_index",0.357142857142857,0.95,-0.484484688927055,0.855426894378632,54,0.385120643556256,"Spearman",8
"1360","REACTOME_TP53_REGULATES_METABOLIC_GENES","logFC","time_index",-0.547619047619048,0.95,-0.908245122495473,0.27979628705577,130,0.160025642538896,"Spearman",8
"1361","REACTOME_TP53_REGULATES_TRANSCRIPTION_OF_ADDITIONAL_CELL_CYCLE_GENES_WHOSE_EXACT_ROLE_IN_THE_P53_PATHWAY_REMAIN_UNCERTAIN","logFC","time_index",0.619047619047619,0.95,-0.177088868349271,0.925474715201005,32,0.101733037454265,"Spearman",8
"1362","REACTOME_TP53_REGULATES_TRANSCRIPTION_OF_CASPASE_ACTIVATORS_AND_CASPASES","logFC","time_index",0.80952380952381,0.95,0.219576117261057,0.965958746049703,16,0.0149026676862301,"Spearman",8
"1363","REACTOME_TP53_REGULATES_TRANSCRIPTION_OF_CELL_CYCLE_GENES","logFC","time_index",-0.19047619047619,0.95,-0.798792262364635,0.610428419161659,100,0.651401495702482,"Spearman",8
"1364","REACTOME_TP53_REGULATES_TRANSCRIPTION_OF_CELL_DEATH_GENES","logFC","time_index",0.80952380952381,0.95,0.219576117261057,0.965958746049703,16,0.0149026676862301,"Spearman",8
"1365","REACTOME_TP53_REGULATES_TRANSCRIPTION_OF_DEATH_RECEPTORS_AND_LIGANDS","logFC","time_index",0.761904761904762,0.95,0.0979893634330436,0.956508462065415,20,0.0280049391530718,"Spearman",8
"1366","REACTOME_TP53_REGULATES_TRANSCRIPTION_OF_DNA_REPAIR_GENES","logFC","time_index",0.166666666666667,0.95,-0.625627578496279,0.78971400256287,70,0.693238811728395,"Spearman",8
"1367","REACTOME_TP53_REGULATES_TRANSCRIPTION_OF_GENES_INVOLVED_IN_CYTOCHROME_C_RELEASE","logFC","time_index",0.928571428571429,0.95,0.632446585771284,0.987888913611396,5.99999999999999,0.000862968182899978,"Spearman",8
"1368","REACTOME_TP53_REGULATES_TRANSCRIPTION_OF_GENES_INVOLVED_IN_G1_CELL_CYCLE_ARREST","logFC","time_index",-0.0952380952380952,0.95,-0.760737258941213,0.667880790009193,92,0.822505430203611,"Spearman",8
"1369","REACTOME_TP53_REGULATES_TRANSCRIPTION_OF_GENES_INVOLVED_IN_G2_CELL_CYCLE_ARREST","logFC","time_index",-0.880952380952381,0.95,-0.979392299033486,-0.444295219960863,158,0.00385032046373241,"Spearman",8
"1370","REACTOME_TP53_REGULATES_TRANSCRIPTION_OF_SEVERAL_ADDITIONAL_CELL_DEATH_GENES_WHOSE_SPECIFIC_ROLES_IN_P53_DEPENDENT_APOPTOSIS_REMAIN_UNCERTAIN","logFC","time_index",-0.0476190476190476,0.95,-0.739823919612768,0.693558462335865,88,0.910849168519584,"Spearman",8
"1371","REACTOME_TRAF3_DEPENDENT_IRF_ACTIVATION_PATHWAY","logFC","time_index",-0.0714285714285714,0.95,-0.750450511180687,0.680950797892829,90,0.866526270675909,"Spearman",8
"1372","REACTOME_TRAF6_MEDIATED_INDUCTION_OF_TAK1_COMPLEX_WITHIN_TLR4_COMPLEX","logFC","time_index",0.714285714285714,0.95,-0.00655536028441005,0.946631230365405,24,0.0465282322841672,"Spearman",8
"1373","REACTOME_TRAF6_MEDIATED_IRF7_ACTIVATION","logFC","time_index",-0.333333333333333,0.95,-0.848005453057694,0.504900458079174,112,0.419753086419753,"Spearman",8
"1374","REACTOME_TRAF6_MEDIATED_IRF7_ACTIVATION_IN_TLR7_8_OR_9_SIGNALING","logFC","time_index",0.0476190476190476,0.95,-0.693558462335865,0.739823919612768,80,0.910849168519584,"Spearman",8
"1375","REACTOME_TRAF6_MEDIATED_NF_KB_ACTIVATION","logFC","time_index",0.30952380952381,0.95,-0.524419581436004,0.840376529508442,58,0.455644890737582,"Spearman",8
"1376","REACTOME_TRAFFICKING_AND_PROCESSING_OF_ENDOSOMAL_TLR","logFC","time_index",0.0952380952380952,0.95,-0.667880790009193,0.760737258941213,76,0.822505430203611,"Spearman",8
"1377","REACTOME_TRAFFICKING_OF_AMPA_RECEPTORS","logFC","time_index",0.214285714285714,0.95,-0.594615624587475,0.807601688398822,66,0.610344415645267,"Spearman",8
"1378","REACTOME_TRAFFICKING_OF_GLUR2_CONTAINING_AMPA_RECEPTORS","logFC","time_index",0.619047619047619,0.95,-0.177088868349271,0.925474715201005,32,0.101733037454265,"Spearman",8
"1379","REACTOME_TRANS_GOLGI_NETWORK_VESICLE_BUDDING","logFC","time_index",0.380952380952381,0.95,-0.463109038011872,0.862649204190628,52,0.351812553117565,"Spearman",8
"1380","REACTOME_TRANSCRIPTION_COUPLED_NUCLEOTIDE_EXCISION_REPAIR_TC_NER_","logFC","time_index",-0.0714285714285714,0.95,-0.750450511180687,0.680950797892829,90,0.866526270675909,"Spearman",8
"1381","REACTOME_TRANSCRIPTION_OF_E2F_TARGETS_UNDER_NEGATIVE_CONTROL_BY_DREAM_COMPLEX","logFC","time_index",-0.880952380952381,0.95,-0.979392299033486,-0.444295219960863,158,0.00385032046373241,"Spearman",8
"1382","REACTOME_TRANSCRIPTION_OF_E2F_TARGETS_UNDER_NEGATIVE_CONTROL_BY_P107_RBL1_AND_P130_RBL2_IN_COMPLEX_WITH_HDAC1","logFC","time_index",-0.857142857142857,0.95,-0.975009179187399,-0.362741761851061,156,0.00653001725471529,"Spearman",8
"1383","REACTOME_TRANSCRIPTION_OF_THE_HIV_GENOME","logFC","time_index",-0.166666666666667,0.95,-0.78971400256287,0.625627578496279,98,0.693238811728395,"Spearman",8
"1384","REACTOME_TRANSCRIPTIONAL_ACTIVATION_OF_MITOCHONDRIAL_BIOGENESIS","logFC","time_index",0.833333333333333,0.95,0.288117791458932,0.970532340947576,14,0.0101755401234568,"Spearman",8
"1385","REACTOME_TRANSCRIPTIONAL_ACTIVITY_OF_SMAD2_SMAD3_SMAD4_HETEROTRIMER","logFC","time_index",0.523809523809524,0.95,-0.310284135497842,0.902216683622693,40,0.182720750539715,"Spearman",8
"1386","REACTOME_TRANSCRIPTIONAL_REGULATION_BY_E2F6","logFC","time_index",-0.0714285714285714,0.95,-0.750450511180687,0.680950797892829,90,0.866526270675909,"Spearman",8
"1387","REACTOME_TRANSCRIPTIONAL_REGULATION_BY_MECP2","logFC","time_index",0.19047619047619,0.95,-0.610428419161659,0.798792262364635,68,0.651401495702482,"Spearman",8
"1388","REACTOME_TRANSCRIPTIONAL_REGULATION_BY_RUNX1","logFC","time_index",0.0714285714285714,0.95,-0.680950797892829,0.750450511180687,78,0.866526270675909,"Spearman",8
"1389","REACTOME_TRANSCRIPTIONAL_REGULATION_BY_RUNX2","logFC","time_index",-0.880952380952381,0.95,-0.979392299033486,-0.444295219960863,158,0.00385032046373241,"Spearman",8
"1390","REACTOME_TRANSCRIPTIONAL_REGULATION_BY_RUNX3","logFC","time_index",-0.690476190476191,0.95,-0.941523364223448,0.0535187438915425,142,0.0579903181645726,"Spearman",8
"1391","REACTOME_TRANSCRIPTIONAL_REGULATION_BY_SMALL_RNAS","logFC","time_index",0.119047619047619,0.95,-0.654322531330363,0.770700208881839,74,0.77888572605238,"Spearman",8
"1392","REACTOME_TRANSCRIPTIONAL_REGULATION_BY_THE_AP_2_TFAP2_FAMILY_OF_TRANSCRIPTION_FACTORS","logFC","time_index",-0.738095238095238,0.95,-0.951625002805919,-0.0438188176793302,146,0.0365527610528608,"Spearman",8
"1393","REACTOME_TRANSCRIPTIONAL_REGULATION_BY_TP53","logFC","time_index",0.142857142857143,0.95,-0.640248142039189,0.780354412477385,72,0.735764859879812,"Spearman",8
"1394","REACTOME_TRANSCRIPTIONAL_REGULATION_BY_VENTX","logFC","time_index",0.619047619047619,0.95,-0.177088868349271,0.925474715201005,32,0.101733037454265,"Spearman",8
"1395","REACTOME_TRANSCRIPTIONAL_REGULATION_OF_GRANULOPOIESIS","logFC","time_index",0.880952380952381,0.95,0.444295219960863,0.979392299033486,9.99999999999999,0.0038503204637324,"Spearman",8
"1396","REACTOME_TRANSCRIPTIONAL_REGULATION_OF_PLURIPOTENT_STEM_CELLS","logFC","time_index",0.571428571428572,0.95,-0.247542976361256,0.914127484841395,36,0.138959957160707,"Spearman",8
"1397","REACTOME_TRANSCRIPTIONAL_REGULATION_OF_WHITE_ADIPOCYTE_DIFFERENTIATION","logFC","time_index",0.928571428571429,0.95,0.632446585771284,0.987888913611396,5.99999999999999,0.000862968182899978,"Spearman",8
"1398","REACTOME_TRANSFERRIN_ENDOCYTOSIS_AND_RECYCLING","logFC","time_index",-0.238095238095238,0.95,-0.816154047863564,0.578151267742396,104,0.570156320815768,"Spearman",8
"1399","REACTOME_TRANSLATION","logFC","time_index",0.142857142857143,0.95,-0.640248142039189,0.780354412477385,72,0.735764859879812,"Spearman",8
"1400","REACTOME_TRANSLATION_OF_REPLICASE_AND_ASSEMBLY_OF_THE_REPLICATION_TRANSCRIPTION_COMPLEX","logFC","time_index",-0.238095238095238,0.95,-0.816154047863564,0.578151267742396,104,0.570156320815768,"Spearman",8
"1401","REACTOME_TRANSLATION_OF_STRUCTURAL_PROTEINS","logFC","time_index",-0.333333333333333,0.95,-0.848005453057694,0.504900458079174,112,0.419753086419753,"Spearman",8
"1402","REACTOME_TRANSLESION_SYNTHESIS_BY_POLH","logFC","time_index",-0.666666666666667,0.95,-0.936297449114819,0.0974064026422894,140,0.0709876543209875,"Spearman",8
"1403","REACTOME_TRANSLESION_SYNTHESIS_BY_POLK","logFC","time_index",0.0714285714285714,0.95,-0.680950797892829,0.750450511180687,78,0.866526270675909,"Spearman",8
"1404","REACTOME_TRANSLESION_SYNTHESIS_BY_Y_FAMILY_DNA_POLYMERASES_BYPASSES_LESIONS_ON_DNA_TEMPLATE","logFC","time_index",0.0476190476190476,0.95,-0.693558462335865,0.739823919612768,80,0.910849168519584,"Spearman",8
"1405","REACTOME_TRANSLOCATION_OF_SLC2A4_GLUT4_TO_THE_PLASMA_MEMBRANE","logFC","time_index",-0.642857142857143,0.95,-0.930949344815045,0.138510908918769,138,0.0855588910126729,"Spearman",8
"1406","REACTOME_TRANSMISSION_ACROSS_CHEMICAL_SYNAPSES","logFC","time_index",-0.333333333333333,0.95,-0.848005453057694,0.504900458079174,112,0.419753086419753,"Spearman",8
"1407","REACTOME_TRANSPORT_AND_SYNTHESIS_OF_PAPS","logFC","time_index",-0.714285714285714,0.95,-0.946631230365405,0.00655536028441005,144,0.0465282322841671,"Spearman",8
"1408","REACTOME_TRANSPORT_OF_BILE_SALTS_AND_ORGANIC_ACIDS_METAL_IONS_AND_AMINE_COMPOUNDS","logFC","time_index",-0.833333333333333,0.95,-0.970532340947576,-0.288117791458932,154,0.0101755401234567,"Spearman",8
"1409","REACTOME_TRANSPORT_OF_CONNEXONS_TO_THE_PLASMA_MEMBRANE","logFC","time_index",-0.833333333333333,0.95,-0.970532340947576,-0.288117791458932,154,0.0101755401234567,"Spearman",8
"1410","REACTOME_TRANSPORT_OF_INORGANIC_CATIONS_ANIONS_AND_AMINO_ACIDS_OLIGOPEPTIDES","logFC","time_index",-0.333333333333333,0.95,-0.848005453057694,0.504900458079174,112,0.419753086419753,"Spearman",8
"1411","REACTOME_TRANSPORT_OF_MATURE_MRNAS_DERIVED_FROM_INTRONLESS_TRANSCRIPTS","logFC","time_index",-0.119047619047619,0.95,-0.770700208881839,0.654322531330363,94,0.77888572605238,"Spearman",8
"1412","REACTOME_TRANSPORT_OF_MATURE_TRANSCRIPT_TO_CYTOPLASM","logFC","time_index",-0.0952380952380952,0.95,-0.760737258941213,0.667880790009193,92,0.822505430203611,"Spearman",8
"1413","REACTOME_TRANSPORT_OF_NUCLEOSIDES_AND_FREE_PURINE_AND_PYRIMIDINE_BASES_ACROSS_THE_PLASMA_MEMBRANE","logFC","time_index",-0.238095238095238,0.95,-0.816154047863564,0.578151267742396,104,0.570156320815768,"Spearman",8
"1414","REACTOME_TRANSPORT_OF_NUCLEOTIDE_SUGARS","logFC","time_index",-0.238095238095238,0.95,-0.816154047863564,0.578151267742396,104,0.570156320815768,"Spearman",8
"1415","REACTOME_TRANSPORT_OF_ORGANIC_ANIONS","logFC","time_index",-0.0476190476190476,0.95,-0.739823919612768,0.693558462335865,88,0.910849168519584,"Spearman",8
"1416","REACTOME_TRANSPORT_OF_SMALL_MOLECULES","logFC","time_index",-0.904761904761905,0.95,-0.983684612861427,-0.533790356386143,160,0.00200827550542945,"Spearman",8
"1417","REACTOME_TRANSPORT_OF_THE_SLBP_DEPENDANT_MATURE_MRNA","logFC","time_index",-0.285714285714286,0.95,-0.832531299467683,0.54309985976455,108,0.492726245016957,"Spearman",8
"1418","REACTOME_TRANSPORT_OF_VITAMINS_NUCLEOSIDES_AND_RELATED_MOLECULES","logFC","time_index",-0.333333333333333,0.95,-0.848005453057694,0.504900458079174,112,0.419753086419753,"Spearman",8
"1419","REACTOME_TRANSPORT_TO_THE_GOLGI_AND_SUBSEQUENT_MODIFICATION","logFC","time_index",-0.238095238095238,0.95,-0.816154047863564,0.578151267742396,104,0.570156320815768,"Spearman",8
"1420","REACTOME_TRIF_MEDIATED_PROGRAMMED_CELL_DEATH","logFC","time_index",0.19047619047619,0.95,-0.610428419161659,0.798792262364635,68,0.651401495702482,"Spearman",8
"1421","REACTOME_TRIGLYCERIDE_BIOSYNTHESIS","logFC","time_index",0.380952380952381,0.95,-0.463109038011872,0.862649204190628,52,0.351812553117565,"Spearman",8
"1422","REACTOME_TRIGLYCERIDE_CATABOLISM","logFC","time_index",-0.428571428571429,0.95,-0.876527650057209,0.417193948725786,120,0.28940322484679,"Spearman",8
"1423","REACTOME_TRIGLYCERIDE_METABOLISM","logFC","time_index",-0.357142857142857,0.95,-0.855426894378632,0.484484688927055,114,0.385120643556256,"Spearman",8
"1424","REACTOME_TRISTETRAPROLIN_TTP_ZFP36_BINDS_AND_DESTABILIZES_MRNA","logFC","time_index",0.428571428571429,0.95,-0.417193948725786,0.876527650057209,48,0.28940322484679,"Spearman",8
"1425","REACTOME_TRNA_AMINOACYLATION","logFC","time_index",-0.19047619047619,0.95,-0.798792262364635,0.610428419161659,100,0.651401495702482,"Spearman",8
"1426","REACTOME_TRNA_MODIFICATION_IN_THE_MITOCHONDRION","logFC","time_index",0.428571428571429,0.95,-0.417193948725786,0.876527650057209,48,0.28940322484679,"Spearman",8
"1427","REACTOME_TRNA_MODIFICATION_IN_THE_NUCLEUS_AND_CYTOSOL","logFC","time_index",0.285714285714286,0.95,-0.54309985976455,0.832531299467683,60,0.492726245016957,"Spearman",8
"1428","REACTOME_TRNA_PROCESSING","logFC","time_index",0.214285714285714,0.95,-0.594615624587475,0.807601688398822,66,0.610344415645267,"Spearman",8
"1429","REACTOME_TRNA_PROCESSING_IN_THE_NUCLEUS","logFC","time_index",-0.547619047619048,0.95,-0.908245122495473,0.27979628705577,130,0.160025642538896,"Spearman",8
"1430","REACTOME_TRP_CHANNELS","logFC","time_index",0.142857142857143,0.95,-0.640248142039189,0.780354412477385,72,0.735764859879812,"Spearman",8
"1431","REACTOME_TRYPTOPHAN_CATABOLISM","logFC","time_index",0.142857142857143,0.95,-0.640248142039189,0.780354412477385,72,0.735764859879812,"Spearman",8
"1432","REACTOME_TYPE_I_HEMIDESMOSOME_ASSEMBLY","logFC","time_index",0.261904761904762,0.95,-0.560994230299003,0.824460431079162,62,0.530922861565801,"Spearman",8
"1433","REACTOME_TYROSINE_CATABOLISM","logFC","time_index",0.690476190476191,0.95,-0.0535187438915425,0.941523364223448,26,0.0579903181645727,"Spearman",8
"1434","REACTOME_TYSND1_CLEAVES_PEROXISOMAL_PROTEINS","logFC","time_index",-0.333333333333333,0.95,-0.848005453057694,0.504900458079174,112,0.419753086419753,"Spearman",8
"1435","REACTOME_UB_SPECIFIC_PROCESSING_PROTEASES","logFC","time_index",-0.80952380952381,0.95,-0.965958746049703,-0.219576117261057,152,0.0149026676862301,"Spearman",8
"1436","REACTOME_UBIQUINOL_BIOSYNTHESIS","logFC","time_index",-0.333333333333333,0.95,-0.848005453057694,0.504900458079174,112,0.419753086419753,"Spearman",8
"1437","REACTOME_UCH_PROTEINASES","logFC","time_index",-0.833333333333333,0.95,-0.970532340947576,-0.288117791458932,154,0.0101755401234567,"Spearman",8
"1438","REACTOME_UNBLOCKING_OF_NMDA_RECEPTORS_GLUTAMATE_BINDING_AND_ACTIVATION","logFC","time_index",-0.119047619047619,0.95,-0.770700208881839,0.654322531330363,94,0.77888572605238,"Spearman",8
"1439","REACTOME_UNFOLDED_PROTEIN_RESPONSE_UPR_","logFC","time_index",-0.333333333333333,0.95,-0.848005453057694,0.504900458079174,112,0.419753086419753,"Spearman",8
"1440","REACTOME_UNWINDING_OF_DNA","logFC","time_index",-0.333333333333333,0.95,-0.848005453057694,0.504900458079174,112,0.419753086419753,"Spearman",8
"1441","REACTOME_UPTAKE_AND_ACTIONS_OF_BACTERIAL_TOXINS","logFC","time_index",-0.80952380952381,0.95,-0.965958746049703,-0.219576117261057,152,0.0149026676862301,"Spearman",8
"1442","REACTOME_UPTAKE_AND_FUNCTION_OF_ANTHRAX_TOXINS","logFC","time_index",0.0714285714285714,0.95,-0.680950797892829,0.750450511180687,78,0.866526270675909,"Spearman",8
"1443","REACTOME_UPTAKE_AND_FUNCTION_OF_DIPHTHERIA_TOXIN","logFC","time_index",-0.595238095238095,0.95,-0.919869016525818,0.213366281883462,134,0.119529806138793,"Spearman",8
"1444","REACTOME_UREA_CYCLE","logFC","time_index",0.357142857142857,0.95,-0.484484688927055,0.855426894378632,54,0.385120643556256,"Spearman",8
"1445","REACTOME_VASOPRESSIN_LIKE_RECEPTORS","logFC","time_index",0.571428571428572,0.95,-0.247542976361256,0.914127484841395,36,0.138959957160707,"Spearman",8
"1446","REACTOME_VASOPRESSIN_REGULATES_RENAL_WATER_HOMEOSTASIS_VIA_AQUAPORINS","logFC","time_index",0.595238095238095,0.95,-0.213366281883462,0.919869016525818,34,0.119529806138793,"Spearman",8
"1447","REACTOME_VEGF_LIGAND_RECEPTOR_INTERACTIONS","logFC","time_index",-0.714285714285714,0.95,-0.946631230365405,0.00655536028441005,144,0.0465282322841671,"Spearman",8
"1448","REACTOME_VEGFR2_MEDIATED_CELL_PROLIFERATION","logFC","time_index",0.357142857142857,0.95,-0.484484688927055,0.855426894378632,54,0.385120643556256,"Spearman",8
"1449","REACTOME_VEGFR2_MEDIATED_VASCULAR_PERMEABILITY","logFC","time_index",0.0952380952380952,0.95,-0.667880790009193,0.760737258941213,76,0.822505430203611,"Spearman",8
"1450","REACTOME_VESICLE_MEDIATED_TRANSPORT","logFC","time_index",-0.5,0.95,-0.896036658541189,0.339147615348341,126,0.20703125,"Spearman",8
"1451","REACTOME_VIRAL_MESSENGER_RNA_SYNTHESIS","logFC","time_index",0.238095238095238,0.95,-0.578151267742396,0.816154047863564,64,0.570156320815768,"Spearman",8
"1452","REACTOME_VISUAL_PHOTOTRANSDUCTION","logFC","time_index",-0.690476190476191,0.95,-0.941523364223448,0.0535187438915425,142,0.0579903181645726,"Spearman",8
"1453","REACTOME_VITAMIN_B2_RIBOFLAVIN_METABOLISM","logFC","time_index",-0.571428571428572,0.95,-0.914127484841395,0.247542976361256,132,0.138959957160706,"Spearman",8
"1454","REACTOME_VITAMIN_B5_PANTOTHENATE_METABOLISM","logFC","time_index",-0.5,0.95,-0.896036658541189,0.339147615348341,126,0.20703125,"Spearman",8
"1455","REACTOME_VITAMIN_C_ASCORBATE_METABOLISM","logFC","time_index",0.595238095238095,0.95,-0.213366281883462,0.919869016525818,34,0.119529806138793,"Spearman",8
"1456","REACTOME_VITAMIN_D_CALCIFEROL_METABOLISM","logFC","time_index",0.214285714285714,0.95,-0.594615624587475,0.807601688398822,66,0.610344415645267,"Spearman",8
"1457","REACTOME_VLDL_CLEARANCE","logFC","time_index",0.357142857142857,0.95,-0.484484688927055,0.855426894378632,54,0.385120643556256,"Spearman",8
"1458","REACTOME_VLDLR_INTERNALISATION_AND_DEGRADATION","logFC","time_index",0.404761904761905,0.95,-0.440704179922117,0.869680291013936,50,0.319888641228816,"Spearman",8
"1459","REACTOME_VOLTAGE_GATED_POTASSIUM_CHANNELS","logFC","time_index",-0.380952380952381,0.95,-0.862649204190628,0.463109038011872,116,0.351812553117565,"Spearman",8
"1460","REACTOME_VXPX_CARGO_TARGETING_TO_CILIUM","logFC","time_index",-0.904761904761905,0.95,-0.983684612861427,-0.533790356386143,160,0.00200827550542945,"Spearman",8
"1461","REACTOME_WNT_LIGAND_BIOGENESIS_AND_TRAFFICKING","logFC","time_index",-0.857142857142857,0.95,-0.975009179187399,-0.362741761851061,156,0.00653001725471529,"Spearman",8
"1462","REACTOME_WNT_MEDIATED_ACTIVATION_OF_DVL","logFC","time_index",0.30952380952381,0.95,-0.524419581436004,0.840376529508442,58,0.455644890737582,"Spearman",8
"1463","REACTOME_WNT5A_DEPENDENT_INTERNALIZATION_OF_FZD2_FZD5_AND_ROR2","logFC","time_index",-0.119047619047619,0.95,-0.770700208881839,0.654322531330363,94,0.77888572605238,"Spearman",8
"1464","REACTOME_WNT5A_DEPENDENT_INTERNALIZATION_OF_FZD4","logFC","time_index",0.523809523809524,0.95,-0.310284135497842,0.902216683622693,40,0.182720750539715,"Spearman",8
"1465","REACTOME_XENOBIOTICS","logFC","time_index",-0.404761904761905,0.95,-0.869680291013936,0.440704179922117,118,0.319888641228816,"Spearman",8
"1466","REACTOME_YAP1_AND_WWTR1_TAZ_STIMULATED_GENE_EXPRESSION","logFC","time_index",0.214285714285714,0.95,-0.594615624587475,0.807601688398822,66,0.610344415645267,"Spearman",8
"1467","REACTOME_ZBP1_DAI_MEDIATED_INDUCTION_OF_TYPE_I_IFNS","logFC","time_index",-0.476190476190476,0.95,-0.889699256957141,0.366513175675711,124,0.232935534650098,"Spearman",8
"1468","REACTOME_ZINC_EFFLUX_AND_COMPARTMENTALIZATION_BY_THE_SLC30_FAMILY","logFC","time_index",-0.738095238095238,0.95,-0.951625002805919,-0.0438188176793302,146,0.0365527610528608,"Spearman",8
"1469","REACTOME_ZINC_INFLUX_INTO_CELLS_BY_THE_SLC39_GENE_FAMILY","logFC","time_index",0.261904761904762,0.95,-0.560994230299003,0.824460431079162,62,0.530922861565801,"Spearman",8
"1470","REACTOME_ZINC_TRANSPORTERS","logFC","time_index",-0.404761904761905,0.95,-0.869680291013936,0.440704179922117,118,0.319888641228816,"Spearman",8
